          0 : 8156000	6655244	2228836	2121088	
          1 : 8204436	8184374	1226081	6575109	
          2 : 2724392	5875653	7420012	1612994	
          3 : 3567391	2298734	2460834	6101289	
          4 : 1666359	1425033	4105645	 311787	
          5 : 1442971	6346599	 522505	5027678	
          6 : 4098151	5364489	6507818	4116921	
          7 : 6698345	5823776	3893739	2501747	
          8 : 3917579	8110316	 479000	6772703	
          9 : 7375912	7264721	7404008	6513145	
         10 : 2950329	2070633	 545774	 268199	
         11 : 5374610	4423700	2095953	4195372	
         12 : 5419582	 835376	6399171	8149433	
         13 : 4868457	5239459	6788886	1248085	
         14 : 3210149	2209776	7225521	7442989	
         15 : 1917586	6620710	7795008	7534140	
         16 : 5643030	3324616	7750394	4784560	
         17 : 6580252	 995608	7146114	7830998	
         18 : 1181675	3397963	1977813	5100129	
         19 : 6031440	5454828	2578802	4209191	
         20 : 4445916	6689093	7885996	7615664	
         21 : 6273876	3995434	2728156	5361281	
         22 : 6908047	2588522	7178020	5969815	
         23 :  650531	8179471	6957138	5693826	
         24 : 6296539	3975490	  86355	 182124	
         25 : 7800058	1753110	 649618	7783467	
         26 :  353316	2668122	5784338	2018677	
         27 : 5390707	7946239	5097240	8026794	
         28 : 6906628	5131363	8156120	7631330	
         29 : 7332386	5750277	2770057	5226481	
         30 : 5497975	8356936	5225447	7067152	
         31 : 1897886	5126112	 240684	4075377	
         32 : 7613100	2352442	5295415	4888641	
         33 : 4816697	7298955	4304707	6249034	
         34 : 2318538	6628640	8105367	6064291	
         35 : 7200971	3423500	1439133	3320256	
         36 : 2760261	5824590	7880466	4231709	
         37 : 5242756	3848385	 607566	4583295	
         38 : 1345222	7570687	6251859	7844047	
         39 : 5448000	1449092	1864267	1532674	
         40 : 2561981	4672380	3059278	7997380	
         41 : 4734594	4952836	 617739	2713796	
         42 :  245549	1614814	7305525	6945669	
         43 : 5875367	5375117	4001925	7328852	
         44 : 6929155	4852263	1689326	1158093	
         45 : 8305264	4493366	2664385	7720727	
         46 : 1816757	2785542	5033652	5956886	
         47 : 3949315	 944403	3916755	5053777	
         48 :  585202	1287802	5464908	1034732	
         49 : 1404949	1401482	7194250	1449546	
         50 : 3855407	 311451	8227523	 834032	
         51 : 8217900	 286861	2952007	4447357	
         52 : 6012003	8180420	4681986	7656929	
         53 : 4396324	1377418	5813582	7845400	
         54 : 6379692	7029168	3316640	6010379	
         55 : 3621767	4546062	1874601	2269320	
         56 : 4002811	5496205	7021764	3767735	
         57 : 6343106	4583056	4618694	3349285	
         58 : 1172822	6874566	1323567	2827479	
         59 : 2794724	4525526	5819400	7472325	
         60 : 1054808	7759185	5642758	3268628	
         61 : 4011860	1308502	5155487	6178124	
         62 : 4213581	3277930	7534064	5305029	
         63 :  876782	3025189	4015006	6998065	
         64 : 2838114	7352076	1108252	6280867	
         65 :   51392	 824908	6047712	3001142	
         66 : 1260208	4616830	2276576	2949162	
         67 : 7005656	1424569	6934185	6473741	
         68 : 6179606	6681063	 887827	6884713	
         69 : 2656003	3433264	3716649	1802424	
         70 : 4514024	1462150	6809421	7024885	
         71 : 1758067	5886723	5258703	6135733	
         72 : 5416849	4712456	6725905	4917242	
         73 : 2322404	 414800	7693621	 657742	
         74 : 4714079	3145888	6247753	 822666	
         75 : 4873119	1322196	4751667	2436582	
         76 : 6169092	4689165	3560598	7343797	
         77 : 3980639	4221648	7703769	 538850	
         78 : 4859230	4618593	6625866	5288346	
         79 : 2403238	1407726	3913058	3275778	
         80 : 8356132	4316326	7316759	2148692	
         81 : 2758636	 810382	2285773	8020971	
         82 : 5785656	1264463	5196990	7173510	
         83 : 5364268	4304902	7186722	2550561	
         84 : 4063370	4506659	 892466	  96691	
         85 : 4717849	6390372	3381857	3653033	
         86 :  458079	 252539	4812130	5599678	
         87 : 7334634	6622776	6308487	 985749	
         88 : 3332189	5726210	 230516	2280758	
         89 : 4690753	4053906	3590687	7166793	
         90 : 1540704	6000480	1113727	 214207	
         91 : 4518749	5001130	6588711	2932896	
         92 : 4903212	2151152	  21799	4323490	
         93 : 5004843	4907181	 426448	7028158	
         94 : 1624379	 555565	5772516	2332378	
         95 : 1004188	5446237	2789579	6386675	
         96 : 5310248	5415107	3059358	5871912	
         97 : 5030134	3297788	7372036	3058915	
         98 : 4452406	7078837	3868677	4110945	
         99 : 7918998	4434123	5109896	2362327	
        100 : 7322129	3395285	4609780	 750860	
        101 : 4312618	5448799	2397646	4565596	
        102 : 8039395	 681538	2922039	 802506	
        103 : 1701306	6692817	4646253	 281494	
        104 : 3240720	2037394	7072141	6048519	
        105 : 8072305	7411792	1697980	 557253	
        106 : 5151880	4467041	2750243	3616348	
        107 : 2333745	4107567	6232828	5361355	
        108 : 2037896	 978868	7429733	8155857	
        109 : 1262621	 777950	5245504	5477123	
        110 : 4143722	 693928	8025405	 578907	
        111 : 3132603	 372147	7539856	7383551	
        112 : 5526943	1634336	1711513	6025551	
        113 : 1250809	2009783	3087201	7529067	
        114 : 4967669	4848048	1756839	 158819	
        115 : 2727557	3833520	3271607	2358688	
        116 : 5785788	6313699	4250807	4292618	
        117 : 1727732	  59539	6012051	7486577	
        118 :  140775	3240986	3190019	5936519	
        119 : 1046519	1953041	6009163	 295243	
        120 : 6915336	6219114	2001002	1226673	
        121 : 8233356	2524131	3663562	7105124	
        122 : 5586807	5963202	7763288	 805320	
        123 : 8263370	2933845	2105647	 387090	
        124 : 4525245	7933910	1626957	1322623	
        125 : 6166293	1469252	6166954	5862373	
        126 : 4724909	4922604	4460086	5017775	
        127 : 5274473	8234552	3017800	 765734	
        128 : 3647721	4665449	2104133	7450137	
        129 : 4997421	4689784	5726040	3840996	
        130 : 6529099	4309093	1972313	2360346	
        131 : 7394360	3378326	3460202	3007265	
        132 :  121855	4810040	5549498	 450160	
        133 : 2503230	5280284	2331111	   6964	
        134 : 4303061	2913327	6483730	5440717	
        135 : 2530555	5176258	3741308	2098641	
        136 : 1988405	2118424	3839505	6256266	
        137 :  835018	6573097	 692031	1145106	
        138 : 3896531	1205965	5868329	  33681	
        139 : 4199643	3085626	6295456	2765397	
        140 : 1109193	4692558	2016664	6973320	
        141 : 4998502	5682008	7837842	7098170	
        142 : 7116407	4213775	3328064	6717354	
        143 : 4970110	4544818	3377424	4146826	
        144 : 7822560	7228724	6845613	3681763	
        145 : 4013515	3254421	3028423	4279886	
        146 : 5066044	2928282	2499265	5750212	
        147 : 5374829	3027045	 128935	 967251	
        148 : 4738733	6412867	4176829	5651903	
        149 : 2261715	4061282	1610015	5367733	
        150 : 4055554	3927160	6388845	1544438	
        151 :  845238	6495177	8115769	5424279	
        152 : 1084993	4067804	3173024	7211249	
        153 : 7371365	7480679	1405937	 200437	
        154 : 2804724	4620622	7717652	4013652	
        155 : 2853278	 953773	6973523	6563757	
        156 : 1890816	5880381	4385219	5768271	
        157 : 5075008	3034559	6794885	2794052	
        158 :  799955	1624099	7471977	1791271	
        159 :  818556	3539597	4868159	7153526	
        160 : 6274663	6504913	5975140	2148074	
        161 : 4500256	5041310	1620990	5529728	
        162 : 3968188	2349937	3823994	 101808	
        163 : 7066655	6993541	4235882	2924924	
        164 : 3145685	3978145	4397238	3905422	
        165 : 5228570	6178787	5416152	3094531	
        166 : 3000181	3456625	5863259	5642012	
        167 : 1445384	3885281	8245994	3094429	
        168 : 5692682	8292097	3879243	4936248	
        169 : 1123096	4176199	7531236	1484681	
        170 : 4734254	7215099	6508769	4638389	
        171 :  117048	8235451	1293943	6031773	
        172 : 3043872	6015256	3324478	 557264	
        173 : 4780707	4335026	1778831	8220475	
        174 : 4240413	2596937	1298101	7400960	
        175 : 5186554	5926192	3482802	3403442	
        176 : 6859232	6690695	7393632	8074351	
        177 : 7996809	 784792	4464029	7357392	
        178 : 6658713	 987772	2744498	2522463	
        179 : 3513638	2874169	1287488	7127630	
        180 : 7096033	 162860	4066550	1742703	
        181 : 2293029	8371413	4423503	3585652	
        182 : 2879561	1492354	 222770	8021508	
        183 : 1399378	6768675	2238125	4557990	
        184 : 1764999	1659640	5377701	4887067	
        185 : 4276513	4597097	7318551	5656742	
        186 : 6174263	6532067	3159817	7092544	
        187 : 5984654	4448379	 348784	2453807	
        188 : 2242736	1799683	 199273	4333201	
        189 : 6599603	3036203	6553867	4164824	
        190 : 4926063	2551599	4241361	3668404	
        191 :  137910	5780157	2855725	6578457	
        192 : 2096727	3103953	6455152	4828131	
        193 : 6177044	8164677	5326156	7781036	
        194 :  267066	7403680	4628996	2213083	
        195 : 7190511	4612297	  18757	4209279	
        196 : 2745260	4466838	6021246	 320000	
        197 : 3568456	5362308	4533004	 833928	
        198 : 4048573	4025549	1314115	7013069	
        199 : 3294479	6535490	1931430	3788016	
        200 :  494712	8108844	6055117	4062630	
        201 : 7967874	2064954	3699772	3070963	
        202 : 7356825	1939720	1850367	3872413	
        203 : 2408930	6277902	3964234	4966284	
        204 : 7754318	2627705	1408547	8078679	
        205 : 4761233	 537320	2282702	 384678	
        206 : 2251683	3820654	7345516	1721754	
        207 : 7788147	4247545	6696771	7024358	
        208 : 4737818	1169794	2738370	3835801	
        209 : 7158606	6890937	2058854	5930829	
        210 :  722239	 564532	7269457	3058280	
        211 : 5133915	7129363	1577455	2254449	
        212 : 5815636	3875727	4269815	7876851	
        213 : 5731172	1197725	4173043	4834149	
        214 : 3229490	2021324	7052771	1066233	
        215 : 3134989	7065270	5405762	 687089	
        216 : 6698850	7257466	1466390	3030638	
        217 : 3464303	1018802	1589278	2637516	
        218 : 3957721	 837879	1314389	 613669	
        219 : 6051938	8253409	7352043	8197844	
        220 : 5059975	1874300	5318799	3748037	
        221 : 2399145	6217715	8309007	1688162	
        222 : 2083277	3664898	3583849	5946121	
        223 : 5304689	 963471	4526931	7209238	
        224 : 4172076	3015839	7186012	 463152	
        225 :  815853	5745059	5909359	1394580	
        226 : 7445511	3118946	3284072	4111923	
        227 : 6512947	5036365	7981352	1883647	
        228 : 7709388	7462435	 279590	5594143	
        229 : 6950747	7759309	7447834	3003527	
        230 : 1641080	1418025	7561996	4605628	
        231 : 1713922	8285272	6070961	1589659	
        232 : 3405818	7439506	3428240	1645551	
        233 : 7570168	7301210	 450834	 584252	
        234 : 8188167	7378935	 192791	7072411	
        235 : 1517136	 930877	7207028	1059884	
        236 : 6909712	7593030	 864120	3863567	
        237 :  102349	1682134	8033192	1262333	
        238 : 5322562	 110758	7769294	 733996	
        239 : 1038052	7835727	5115772	8008231	
        240 : 6237537	7436200	7805673	8016695	
        241 : 2244656	6832862	4101706	2642030	
        242 : 4583978	5612008	4549534	2981478	
        243 : 2420145	 348220	6358812	6722872	
        244 : 1548560	1530070	5984913	4755683	
        245 :  433347	4487672	7087534	8375397	
        246 : 3509167	5650780	5758573	8279034	
        247 :   52415	3208841	2154914	3903434	
        248 : 3819210	6287488	2341208	3263632	
        249 : 3541010	7914541	3840524	1501823	
        250 : 7300168	4332797	7556026	6150110	
        251 : 7603924	 496328	 770877	4486806	
        252 : 2835670	5051686	4180763	6951812	
        253 : 1688242	6839817	7652409	1623583	
        254 : 6272555	 468831	2721915	6226083	
        255 : 2165485	6951895	1981424	1207082	
        256 : 1843519	2630498	3603224	2183012	
        257 : 4939320	3885529	1870127	4919048	
        258 : 3781993	4371029	3901513	1207487	
        259 : 3045135	4716839	4199074	2497880	
        260 : 5842900	5515319	7474448	6188501	
        261 : 7426416	7419135	7334086	2667730	
        262 : 4464672	2007430	2549912	3820284	
        263 : 7783605	3069320	2957053	2879306	
        264 :  976746	4110430	6552681	3533238	
        265 : 4514159	5673170	2796673	5627968	
        266 : 5153408	3917155	8266352	  52802	
        267 : 8343569	1337924	2553275	6346794	
        268 : 2460103	8252932	7736855	6274797	
        269 :  520968	6463553	6720742	4243415	
        270 :  363156	7796910	4432973	7835339	
        271 : 5474452	5311214	8163942	4271902	
        272 : 8302655	6104797	6406661	4079532	
        273 : 1594267	2261416	1353603	2751745	
        274 : 1595584	4512791	5869296	7571367	
        275 : 8288226	4097529	5946258	4020702	
        276 : 7745264	7627464	7774363	4016350	
        277 : 6211295	2305007	6488269	5620621	
        278 : 4831249	6422025	4770131	 551441	
        279 : 1268196	6089192	3026155	5739251	
        280 :  755308	4353781	2693512	2356036	
        281 : 1837015	 629237	7462023	7725874	
        282 : 4602223	 634939	 246965	8158052	
        283 : 6661280	3490276	1372515	7688166	
        284 : 7433888	4546116	 248911	4349123	
        285 : 5766365	1234733	6029134	 312399	
        286 : 2308519	6052458	5946991	6145569	
        287 : 1341608	7935703	1596223	 541165	
        288 : 5533361	2876711	3545515	5758800	
        289 :  355326	 510339	7085782	5338401	
        290 : 4882843	5778774	2789124	 171401	
        291 : 5911594	4944907	3063277	2927536	
        292 : 4596831	4532243	5941249	 727683	
        293 : 2935504	6844869	1786774	1764218	
        294 : 1444551	5434531	4114606	3074178	
        295 : 6245346	4993536	2415641	6802294	
        296 : 7522878	2669707	2430601	3518619	
        297 :  201152	7796374	2762824	4973758	
        298 : 8215235	5040159	4103468	 805749	
        299 : 5328257	3447570	1953410	2443721	
        300 : 2301163	1275862	7144883	4963779	
        301 : 3527654	2269299	 530055	3208036	
        302 : 7832954	2188483	7762757	7397062	
        303 :  504045	 131652	1377952	4522287	
        304 : 2713860	5320630	5922906	1409765	
        305 : 7887820	7475580	7234241	4467975	
        306 : 4393624	1852773	1244300	2885896	
        307 : 2448416	8186533	6707272	5738240	
        308 : 7576623	4599564	6833043	 614766	
        309 : 4730543	3848752	6542464	6397602	
        310 : 7045500	1546995	1106948	1876422	
        311 : 4249965	6533773	3233325	 943438	
        312 : 2001086	3622878	1425860	7652064	
        313 : 7165720	1283247	7870302	1694210	
        314 : 2440566	1258550	7390821	5489713	
        315 : 6971641	5684944	3195511	6696485	
        316 : 4204581	2923013	6491611	4014632	
        317 : 1203293	2433443	1212507	4011883	
        318 : 2406375	3111553	4337187	2269326	
        319 : 1637290	 277694	 547931	5963805	
        320 : 3449878	7626585	1578746	1879970	
        321 : 3785725	6178826	7566610	6807886	
        322 : 7241166	 163126	4591175	 377084	
        323 :   83811	5026942	4633870	5051122	
        324 : 7249330	4609981	4194869	5934315	
        325 :  365941	 841668	8207627	1332385	
        326 : 7443541	7549982	1300632	1316136	
        327 : 3159231	7230618	3335279	2051931	
        328 : 6430849	7215020	5795981	8136813	
        329 :  516246	6171439	7290522	8063796	
        330 : 4919660	7082445	3609189	8257461	
        331 : 5539420	6718520	6466837	5535324	
        332 : 8238795	8035323	5869743	4506601	
        333 : 3472606	6280259	3969436	4325723	
        334 : 3898700	2334588	7273573	 846187	
        335 : 5617717	8223573	3420229	2509655	
        336 : 6436091	 954849	2316604	7865013	
        337 : 4030873	5767073	2198572	4462329	
        338 : 5567994	5338966	7933303	5903976	
        339 : 1019910	1171204	 463351	4564694	
        340 : 4067061	6514619	 994717	6716392	
        341 : 6061849	4963965	5762647	5218245	
        342 : 1075194	4779124	  23908	5240888	
        343 : 5295887	5837671	 269998	7995343	
        344 : 7916144	2922295	7668949	4298053	
        345 : 5710601	4918535	5484520	6492361	
        346 :  473761	3521605	1590385	6437274	
        347 : 2176717	6062282	2518148	3261798	
        348 : 1097899	7921839	 533482	6289290	
        349 : 6757542	2059581	6304826	6623869	
        350 : 7159276	2767719	4444300	 223317	
        351 : 6579356	6207932	7844271	5774026	
        352 : 1025376	6285553	3851435	 682350	
        353 : 6739778	3578121	7928650	7410786	
        354 :  781038	4571973	7869120	2526686	
        355 : 1917991	6756143	4299880	5875464	
        356 : 2772668	2714691	3233925	4548950	
        357 :  921498	1309967	4815170	2616317	
        358 : 5615410	4036856	7097227	6021017	
        359 : 4131121	  69955	1161913	7377216	
        360 : 5518100	7753274	5314531	4770335	
        361 :  411894	1459996	 615494	3034724	
        362 : 6435580	 187706	3351835	6925371	
        363 : 2796914	5613811	3014405	2781871	
        364 : 6792863	 461593	4950587	5575956	
        365 : 5195146	 716154	2801124	 309019	
        366 : 4540009	8245900	3100871	7987802	
        367 :  233124	6642085	1936167	5946317	
        368 : 7791288	2597022	7397809	4189991	
        369 : 5420000	5014018	6510622	4427114	
        370 : 2044930	4390489	3951607	5712121	
        371 : 1741531	2663114	5780382	3703872	
        372 : 1674494	3126449	7385701	4772470	
        373 : 1249452	4442365	6996737	1219662	
        374 :  776995	 856184	8306412	 784466	
        375 : 1461543	3323036	4513247	2236599	
        376 : 1812384	7890287	3813481	 390432	
        377 : 4717145	5259070	1638675	2747963	
        378 : 8214721	2429206	 405506	7456502	
        379 : 1505775	5141445	5901224	4573305	
        380 : 4626166	1152317	3567290	7863465	
        381 : 1832371	2274028	1835046	3782972	
        382 : 5014364	7439881	 376505	7790178	
        383 : 5353686	1001559	 966638	4683689	
        384 : 5709346	3322773	1860020	7593518	
        385 : 7027460	2617657	 754635	 640921	
        386 : 2809455	4920116	2205440	1437211	
        387 : 1639633	6082430	7951583	6917092	
        388 : 7052719	3861204	 715210	3618323	
        389 : 2351502	6563701	1242671	  24877	
        390 : 1032946	4029738	2916358	2664259	
        391 : 3452686	6326622	7733107	2818797	
        392 : 1119134	 975920	4448605	5210784	
        393 : 6673848	6256255	1040212	7701042	
        394 :  143877	5707607	1856370	7084004	
        395 : 2130484	1427451	5673643	5752930	
        396 : 8315950	7431478	1191764	3900197	
        397 : 2391369	5221503	2924224	6666170	
        398 : 1479398	 752685	2563301	3743627	
        399 : 4601780	6517008	8191332	5867263	
        400 :   17631	5379968	 688991	1971836	
        401 : 7021557	6696662	  68317	2254608	
        402 : 2643610	6856200	1774537	7305126	
        403 : 7069323	7377728	7555860	6544332	
        404 : 7614093	4983307	  52090	8109022	
        405 : 4353783	8236488	6165166	3275657	
        406 : 4004461	4920249	7879556	3083484	
        407 : 6433991	2762932	3332013	7283613	
        408 : 6663171	7619165	 764221	2664971	
        409 : 7806151	4986481	2820929	7249246	
        410 : 5924885	1064273	4446071	5432821	
        411 :  173442	2213260	1912611	4824929	
        412 :  665349	3133009	5899689	 545812	
        413 : 2873042	4212760	2678753	8127349	
        414 : 4557773	2452675	7424822	2633777	
        415 :  224973	7258455	5310523	1424315	
        416 : 6173930	3492284	1020867	4430882	
        417 : 1604433	2918692	2043769	5772237	
        418 : 8007672	6836213	5414240	6760068	
        419 :  401034	 176553	6668322	5660617	
        420 : 4245696	1684756	 740104	6828871	
        421 : 3483689	1281070	2820278	1688087	
        422 : 5039315	1138629	 134724	6597813	
        423 : 3489224	6520726	2819706	 296644	
        424 : 8348812	2365510	 971205	7207640	
        425 : 3242679	6550579	 223359	6156279	
        426 : 8188798	3093373	6680534	 180426	
        427 : 2009492	2880645	4242117	4400008	
        428 : 1542495	 441050	1294589	3239222	
        429 : 3139460	2323610	7606936	1764277	
        430 : 2741898	 743554	5182565	6675720	
        431 : 5272242	 315614	2102056	2315717	
        432 : 8078780	3396665	3182513	  26903	
        433 :  916544	2466513	6074856	2700991	
        434 : 5362367	7904537	7082130	7493439	
        435 : 7161182	2858412	4426842	3066480	
        436 : 7068456	5980826	4809941	4714987	
        437 :  286518	1618642	6633044	6422198	
        438 : 5176799	1975749	2810207	1406220	
        439 : 4437550	3628627	6144585	1273437	
        440 : 6596143	4043148	 312803	6938846	
        441 : 4102487	5884837	1953812	7365005	
        442 : 2641223	4081431	4330958	4092407	
        443 : 3927531	 724878	1548843	 996940	
        444 : 2166673	1858754	 239801	5242126	
        445 : 5212139	6852839	6789418	 473827	
        446 : 7377423	6332862	3654047	6407455	
        447 : 1837655	5120726	2485182	8271825	
        448 : 4521873	4573464	8261337	7798716	
        449 : 5594596	7908122	5274218	1668775	
        450 :   91555	4821680	6824638	2780823	
        451 :  405695	5329813	3673853	4125064	
        452 : 5031813	2168192	7589986	7089719	
        453 : 4389917	3422754	3344283	6231415	
        454 : 6370043	3735432	3551194	6987945	
        455 : 5191129	5921544	6396131	 569568	
        456 : 6014759	2466224	 795293	7032009	
        457 : 4487634	5469492	5321897	6862679	
        458 : 6850850	5836245	7614474	3801168	
        459 :  480474	1511627	8030785	7893861	
        460 : 2329521	3467936	5668767	3999416	
        461 : 5837648	5542321	2662306	1795720	
        462 :  627716	3953292	2146074	 724195	
        463 :    5081	5632616	3796164	3529652	
        464 : 6993170	2529522	2449945	7334337	
        465 : 6722833	2111621	 176236	1635599	
        466 : 3686998	4001163	4397420	7277464	
        467 : 5379810	1058446	 879955	 296463	
        468 : 2791634	7938950	5263026	8263722	
        469 : 1551669	7484917	4975243	6041301	
        470 : 4630622	8229575	7712865	1898163	
        471 : 5459368	1390535	3849393	8335103	
        472 : 2381585	2421943	 235743	6155212	
        473 : 3853093	3380256	7850442	3173113	
        474 : 5527886	5674980	5273969	6692462	
        475 :  432948	7531966	 408487	7351313	
        476 : 8257050	3189754	  61724	4391546	
        477 : 4335749	8209793	4362077	4291458	
        478 : 6372468	3436102	5808632	7978517	
        479 : 5092177	5872604	5571795	4414604	
        480 : 3445969	6907052	1406077	4743399	
        481 : 6307594	3413324	7744928	6009950	
        482 : 4874148	6595238	6024143	3938326	
        483 : 6365281	1821245	3607548	6727149	
        484 : 8291516	5728237	5357729	7616341	
        485 : 2167010	5175400	6789165	5938753	
        486 :  617649	5901099	5339545	 217896	
        487 : 2640712	1370985	3282993	5016725	
        488 : 5078613	4840286	6128199	4457533	
        489 : 1587106	1269225	5790985	4709188	
        490 : 5769274	6225424	2601709	5006048	
        491 : 2942204	6369000	5709441	5815008	
        492 : 3162271	4049692	1763613	8009191	
        493 :  100431	4846613	8281310	7690502	
        494 : 3496306	4533935	1338217	2647128	
        495 : 4840385	4029907	5001725	7203866	
        496 : 6063408	3788606	4002723	4545884	
        497 : 7679727	1067227	3379680	4870664	
        498 : 1204001	 416777	6912223	6725890	
        499 : 4544324	7031993	4959252	5874465	
        500 : 5178150	6119351	 321648	4525629	
        501 : 4627841	1574473	7698875	4799725	
        502 :   81918	1057108	7960364	4369912	
        503 : 3457507	7096135	4847954	3259068	
        504 : 7294392	6087537	3580157	6118418	
        505 : 2665685	1929971	3116917	8379750	
        506 : 6819922	 200111	1292252	4305918	
        507 :  526461	2855874	6613117	 317599	
        508 : 4660118	 288213	4964370	5791012	
        509 : 3835031	7733090	5128565	 770141	
        510 : 5772027	1211298	1200308	2307786	
        511 : 5129593	1382496	2473978	2824514	
        512 :   36411	4506886	 117343	3963762	
        513 :   48337	4752208	6051095	7203779	
        514 : 7087592	5791017	4458992	 187249	
        515 : 6706497	7799283	4592710	4490780	
        516 : 7264377	4878534	7271662	3809875	
        517 : 6655983	1263274	1148175	6282754	
        518 : 2836935	5255770	2174614	2506185	
        519 : 7411751	3988794	2581343	3539562	
        520 : 3664835	2852617	3833630	 349082	
        521 : 6761037	3766945	2259895	6185083	
        522 : 6161058	3592834	7144437	8322669	
        523 : 5677591	 988499	 431380	3686295	
        524 : 1138807	2441471	2824572	7056829	
        525 : 5605424	3035604	3983915	3263660	
        526 : 1756494	3856081	1546054	1116196	
        527 : 3101264	6959443	4386996	5899091	
        528 : 3362847	2611504	6018776	5541303	
        529 : 5369536	6838517	  80321	4817711	
        530 : 5165811	 889640	5182500	8311154	
        531 : 3323492	3005055	5098808	4801464	
        532 : 7817038	2078956	  51410	4249916	
        533 : 7942419	4467126	5062225	5367000	
        534 : 6935526	1714706	2866646	 619839	
        535 : 2454070	6077807	4420643	7016847	
        536 : 3121361	1794498	7172592	4035614	
        537 : 1207257	3420277	7485996	7112512	
        538 : 3973961	1915677	2176091	8079617	
        539 : 3423892	3375893	3636635	 882641	
        540 : 5293248	7303563	8256560	6566923	
        541 : 7287710	7134939	4617447	1818567	
        542 : 7185451	 332955	5250115	1765555	
        543 :  678423	  61703	7945768	6522130	
        544 : 7323938	7140536	3142246	4028543	
        545 : 6387349	1485375	1361765	4173440	
        546 : 7060742	1973622	3197019	6514481	
        547 : 2114527	1389211	6266788	1785413	
        548 : 8344807	4344223	6119365	8266515	
        549 : 3382414	1380855	2221809	2518744	
        550 : 2553335	4838582	4579474	6149800	
        551 : 1505655	4788739	6962917	6530975	
        552 : 5925809	7358067	1852032	2806068	
        553 : 6223175	8221319	3572249	3169155	
        554 : 5132451	5043679	4067335	5668089	
        555 : 6131212	4409767	4184163	6723534	
        556 : 6282803	7409228	3512555	1319647	
        557 : 4088231	1951106	2615256	2609810	
        558 : 8256381	3613982	 290725	 605243	
        559 : 3571807	  52161	1030178	4235053	
        560 :  181235	 141306	2747274	6801042	
        561 : 2512202	2394786	 943157	6048913	
        562 : 3100236	 449640	2930546	4764069	
        563 : 7252791	 698521	 762011	8321259	
        564 : 6314161	3083899	1637503	6589468	
        565 : 7646958	3055400	7658558	2554827	
        566 : 8072330	2670900	3038123	2448440	
        567 : 1438791	2074955	6576019	5987367	
        568 : 4033962	7692201	8274049	1854448	
        569 :  389813	1869382	7424370	7426768	
        570 : 5704357	 401117	 463615	2070308	
        571 : 1181480	2307762	1644571	2621707	
        572 : 3324005	5199624	7861126	6615229	
        573 : 3272666	2221593	1507643	4837601	
        574 : 1669227	7312951	 955396	4801824	
        575 : 5730362	1567410	4778272	4038698	
        576 : 5903626	3218199	1345019	1205425	
        577 : 2302747	8076677	3073142	4510748	
        578 : 6550142	3722343	7636924	5952974	
        579 : 8253662	2047769	5228862	7585829	
        580 : 3748583	 223893	1668331	1212498	
        581 : 2733310	4172857	3262776	4223272	
        582 : 7791705	5014568	1283715	 253438	
        583 : 2715397	4823078	7343434	3761521	
        584 :  888270	3338790	 865782	4328301	
        585 : 6564150	7557647	1799320	1555659	
        586 : 1062614	2181936	3757894	4088636	
        587 : 2716808	4376090	2250888	8268198	
        588 : 2749969	  99277	5197097	6813123	
        589 : 6187069	3143702	5488800	 711315	
        590 :  610156	4858505	4142753	2751566	
        591 :  849288	3472582	8361149	3542683	
        592 : 2127257	3940353	3016475	2517810	
        593 : 3923190	5034467	6723269	3525557	
        594 : 1635954	1311430	  16866	6256917	
        595 : 4049689	7672789	5914110	 235598	
        596 : 2447560	7212269	4547552	4379098	
        597 : 4523847	4231309	5860203	2594552	
        598 : 3352484	3153476	2482884	7190995	
        599 :  896680	2708360	2392252	2477404	
        600 : 6969324	8137606	8102700	 424171	
        601 : 3330390	 219875	7660595	8091963	
        602 : 4292192	 959183	1293817	3896627	
        603 : 3621349	7652244	3799434	5817402	
        604 : 3253660	3976980	2017573	5777392	
        605 : 4854959	7590496	5899870	6780403	
        606 : 6103274	5298349	1134194	8265853	
        607 : 3888557	2235115	5966403	 121211	
        608 : 5092626	4777605	5257399	5478525	
        609 : 8053493	7146088	6313609	2463716	
        610 : 8047424	6579469	5391901	6542883	
        611 : 5858852	3405829	8329625	5547403	
        612 : 6067525	6529962	   7058	2865616	
        613 : 7045678	3526970	5056294	3315707	
        614 : 4654821	8367143	7917889	4329711	
        615 : 6602005	2535889	3699222	8098040	
        616 : 1044013	2803145	4012775	4467049	
        617 : 4262706	5052474	2767836	7127877	
        618 :  920836	5833773	 616675	4740784	
        619 : 4046098	2237700	4288770	5754177	
        620 : 6064402	6153913	5630359	4291468	
        621 : 3728899	7337336	2169931	1524320	
        622 : 7163798	 377352	3061448	4789472	
        623 : 4548914	5809796	6962395	4212153	
        624 : 1598741	3363114	5681899	2160508	
        625 : 8258150	2215769	3801705	4653039	
        626 : 7180624	1102735	3802026	2918219	
        627 :  605603	5246197	4034916	3747931	
        628 : 7557622	2759967	 342809	6192972	
        629 :   47769	3919838	7398847	5662554	
        630 : 1718513	2792124	4115738	3736004	
        631 : 8195095	 199419	 135262	1221732	
        632 : 4484177	1929200	2278018	2014594	
        633 :  501097	 728252	4823408	4584817	
        634 : 8066082	5967630	1565821	3601550	
        635 : 7231634	3903432	6378082	7887396	
        636 : 5116888	 253106	1132182	3403656	
        637 : 6550629	4140334	1410651	6093294	
        638 : 6863205	7329780	 354208	8021386	
        639 : 6463981	2603932	3076722	5246744	
        640 : 1479865	1151631	5153037	3336672	
        641 :   34951	7061704	1528771	7400148	
        642 : 7958041	1747242	3270312	1080244	
        643 : 6257726	1989082	 311911	7796050	
        644 : 6016414	6434583	4044569	4469946	
        645 : 1350288	4633037	2414634	6772646	
        646 : 1364005	3967242	4018193	8004086	
        647 :  609246	4061861	 525155	1156896	
        648 :  128226	4532964	6549023	1743591	
        649 : 7022104	4684895	1716865	7006753	
        650 : 4264300	4071465	7881485	5737425	
        651 : 4806799	2573960	4777143	 915124	
        652 : 3572056	1511550	6297629	1544421	
        653 : 6474147	1754705	3103072	7847955	
        654 : 3396665	5170420	4351060	7300275	
        655 : 1077846	1979922	3155456	5983932	
        656 : 2585083	3261509	3254182	1376514	
        657 : 8031006	 998513	1692288	4511613	
        658 : 7187098	2641947	2726924	5545025	
        659 : 3013735	3870518	2440940	4300212	
        660 : 8367806	5985949	3995974	6420669	
        661 : 5265956	7627536	7559852	8239554	
        662 : 5467839	2817367	6024555	1255546	
        663 : 6892853	5343249	1527735	7002823	
        664 : 4993226	 900475	2150293	7164192	
        665 : 6972297	1214198	5498435	1302587	
        666 : 5433623	5617420	1585312	6775720	
        667 : 1987373	3510758	2283181	2295789	
        668 : 4270333	2548727	5162363	5471796	
        669 : 1645040	 619842	7629034	 297501	
        670 : 4423853	5287747	8308428	 585499	
        671 : 7395183	4706168	1415685	7813905	
        672 : 3495478	7162973	4254056	1120973	
        673 : 5423059	2289290	1543519	 484275	
        674 : 4854899	 849486	7499856	2456220	
        675 : 3882523	2859939	6613585	7458056	
        676 : 2345103	6037051	6908666	6542161	
        677 :  886465	5410014	 357540	2948105	
        678 : 4203500	5456936	1017930	6718461	
        679 : 4573372	1964893	4875480	 122455	
        680 : 2340642	1264911	3964607	4212329	
        681 : 8170442	3271512	4248395	6519911	
        682 : 6787292	5343318	2391905	  97828	
        683 : 5568606	7973191	2248044	2744661	
        684 : 5202281	5258312	6955438	3763464	
        685 : 7679040	 592646	7538340	3744111	
        686 : 4495938	2566048	2903870	2748955	
        687 : 4726993	 621793	2227190	3174240	
        688 : 3266709	  68428	 930980	3207398	
        689 :  280903	2742441	7991443	2711763	
        690 : 1750458	3492492	6165702	1379645	
        691 : 3056728	 531762	4933093	4006074	
        692 : 7906913	3972965	 907999	 225334	
        693 : 3588992	3545595	2926262	4866844	
        694 : 2603268	3128785	1376280	1614707	
        695 : 3524905	6104922	8119183	6417084	
        696 : 3191088	4167199	6108597	8216441	
        697 : 2929776	8082325	8339954	3745463	
        698 : 1399193	3695793	 107160	3639991	
        699 : 6250269	4374134	3353841	1014372	
        700 : 3970230	8051426	2798465	2068313	
        701 : 4665597	  82779	1441820	7116088	
        702 : 2719909	4087470	3183277	6125624	
        703 : 2921589	7579816	 269710	8346067	
        704 : 3708272	1550001	8233140	7369549	
        705 : 6705630	6339148	 718727	2787134	
        706 : 3554015	2427710	 861210	2301153	
        707 : 4571555	3149738	6041823	5786890	
        708 : 6391755	 806115	 657262	6282649	
        709 : 8325359	 576776	4646298	2227432	
        710 : 4641439	7282444	 829895	4241357	
        711 : 2824268	3786962	 656829	3415700	
        712 : 7351717	2551583	 913107	7920532	
        713 :  959809	7992762	2117041	1084401	
        714 : 4218231	1333661	2666013	6510875	
        715 : 4152646	6163251	6690623	8093419	
        716 : 1180075	6461459	8024949	4915001	
        717 : 3593979	 411444	 498826	6917030	
        718 : 3475128	 341032	2040616	4248972	
        719 : 7560950	 180094	7674359	3210796	
        720 : 6795963	5832214	2531032	2450713	
        721 : 5047025	 289686	6902787	 148305	
        722 : 2372937	3668575	6926163	8200368	
        723 :  603359	 500814	3182978	4498121	
        724 : 1076502	7683785	 489152	2170785	
        725 : 6125287	7576852	5925750	6187196	
        726 : 4879843	 554115	2519413	3096848	
        727 : 1165518	2871728	5749823	1027289	
        728 : 4480939	1939862	2438873	6634371	
        729 : 6809140	1018320	1097771	1374804	
        730 : 5865192	 628419	8108115	3958105	
        731 :  986195	 914708	7759372	3931645	
        732 : 2109482	3716685	7722844	2482753	
        733 : 1082605	8152248	2002553	6417794	
        734 : 1687104	5530107	4243474	5674628	
        735 : 4611670	5987033	7525257	6132896	
        736 : 2071633	3470434	6348918	8255666	
        737 : 3704720	5101818	5205398	5905160	
        738 : 7482736	 914864	7381570	1184297	
        739 :  847728	4963818	 992061	5897377	
        740 :  625759	1557853	2193526	6441246	
        741 : 3055233	7612257	 422065	7428725	
        742 : 1117497	3093791	2125757	 446610	
        743 : 4286820	1317393	7588606	3232647	
        744 : 5451528	6158782	3526458	 791349	
        745 : 2782924	6333531	6072515	3622657	
        746 : 2956607	8125317	1833496	7429036	
        747 : 1508255	 424590	2518351	6927755	
        748 : 4036238	2669248	1905334	5612076	
        749 : 5727854	6198043	 939368	1609227	
        750 : 2369184	3306859	4061638	 668066	
        751 : 8081546	3984080	5935983	 141442	
        752 : 4275424	2582466	6118703	1626038	
        753 : 3225360	7462867	 374854	4650092	
        754 : 5674102	3239834	4381325	4652631	
        755 : 5955921	1153503	 970193	1645868	
        756 :  467595	7928537	7050680	5575339	
        757 : 1513270	4578134	5994987	 221277	
        758 : 8009560	5594055	 385910	2755275	
        759 :    6248	6853132	4458319	2470242	
        760 : 6156939	2909026	2477211	2245324	
        761 :   16580	1747681	3640632	2060581	
        762 :   61952	1641278	7881040	 184683	
        763 : 2258165	1730880	8101256	3139109	
        764 : 3212340	2950735	5382547	8029471	
        765 : 4651952	8265206	6110864	1609538	
        766 : 8037152	2202022	2019662	6036168	
        767 : 7631094	1753521	7823780	1705225	
        768 : 6235382	7569207	4315836	8015694	
        769 : 3461591	4105564	6899259	6665356	
        770 : 7772896	3646593	6701962	5415376	
        771 : 2558310	7089376	3510633	 222991	
        772 : 4586280	4299628	7017174	2552302	
        773 : 3809009	7247969	3583255	5339195	
        774 : 5474104	4300131	8165765	5673917	
        775 : 4853294	8093781	4875547	2319938	
        776 :  593408	3380003	5981819	6447715	
        777 : 3828028	7277073	7103096	  43474	
        778 :  606162	4808312	2279463	5757775	
        779 : 2859615	4584262	1910535	 989712	
        780 : 3921194	2926686	 843208	5798390	
        781 : 1191534	1147290	2139253	3216740	
        782 : 4604961	6098648	4412355	4069134	
        783 : 4172227	 722869	3714071	6924758	
        784 : 5321333	4547340	5996974	4663833	
        785 : 2159086	1539255	1916833	5951976	
        786 : 5484099	2224336	5431117	4604336	
        787 : 7881607	5966549	7237257	 924767	
        788 : 1915971	7375171	3012208	 267790	
        789 : 5767041	3453951	1148764	3724830	
        790 : 4933890	4449759	5183195	2692779	
        791 : 3209818	7705312	6980743	  29487	
        792 : 4786974	5236191	2468085	5334972	
        793 : 4403908	7280802	 634243	4833043	
        794 : 6069009	7535451	1848835	5089645	
        795 :  436329	2678612	8057964	5383121	
        796 : 6001604	5551777	7795651	1507743	
        797 : 1353037	8254444	7556005	2562950	
        798 : 2201244	 363989	1356129	7424980	
        799 : 4200607	6632565	 760678	7595015	
        800 : 5296175	5941454	4428350	1047288	
        801 : 1693413	1328825	5069481	3643353	
        802 : 3942133	7755419	4089177	2173208	
        803 : 1078854	4052640	3384913	3699688	
        804 :  657135	1602993	1284627	4449934	
        805 : 5324368	2097801	7922755	 360015	
        806 : 2439814	 748937	1138867	3237119	
        807 : 2393215	4174670	7580046	3798689	
        808 : 4143416	7435738	3867266	7592517	
        809 : 4000327	2860640	4789082	5709356	
        810 : 4837124	2893646	1766454	2504695	
        811 : 2290198	6740034	5677889	4268428	
        812 : 1238958	2175908	   8695	4609196	
        813 : 6348543	3562269	2493672	2946768	
        814 : 4413665	1180235	5950773	1827770	
        815 : 5729055	3944670	1785297	4709900	
        816 : 2155381	 233990	4028901	7049903	
        817 : 3458234	6190870	4465570	 317512	
        818 : 2147633	4226499	5497061	3433104	
        819 : 3876004	5893345	3480386	4511002	
        820 : 3447829	5286531	1168398	7626071	
        821 : 6126263	1221054	6585896	 639883	
        822 : 5763894	3009566	1395108	4249048	
        823 : 5638282	1777926	1725377	7371211	
        824 : 4211388	3036099	7781491	5593796	
        825 : 4946751	5564871	5432634	5824856	
        826 : 1073659	3900110	 282558	7653271	
        827 :  623137	5428332	8366774	7155765	
        828 : 5663512	1936084	 146229	6743624	
        829 : 1281800	4432527	2158094	1566229	
        830 : 7905111	1903508	7255456	7037361	
        831 : 2612787	2487907	7894626	 671621	
        832 : 2015882	7226330	1261886	7984670	
        833 : 4850091	5152329	5722596	4076456	
        834 : 1153850	1319569	6365086	5660163	
        835 :  319989	3944009	3007256	2574613	
        836 : 7981253	3989176	6258777	7859631	
        837 : 5775615	3305276	2981687	1577640	
        838 : 5462660	5395334	1096426	8263570	
        839 : 6517015	2802925	5757024	4102872	
        840 : 3137945	 294253	2021445	2807393	
        841 : 2553859	1898796	 238829	 640711	
        842 : 1137998	3508211	4157873	3119085	
        843 : 3057650	 255581	5859609	1211391	
        844 : 1204699	6097355	4241593	 781923	
        845 : 1836613	 568475	7055871	6165335	
        846 : 6325343	5367854	1701846	4466921	
        847 : 5050379	1575201	4536712	 596428	
        848 : 3257533	 304165	3994819	1663860	
        849 : 3357827	6734047	2032282	7397173	
        850 :  537391	5753396	6864498	5285061	
        851 : 1180975	1703648	7947589	2421565	
        852 : 8267159	2198470	8055423	 178773	
        853 : 3501631	3770012	6229898	 263069	
        854 : 3821540	3173712	1395266	2794925	
        855 : 3465019	8368681	6527123	 420025	
        856 : 3789780	3622931	5354314	  10977	
        857 : 1500878	 875096	1616624	5653454	
        858 :  951925	2421582	1642236	6108731	
        859 : 3306096	6170966	3321121	5559912	
        860 : 1853081	 834638	2611374	7444682	
        861 :  396690	4867080	8083226	4225504	
        862 : 4587336	1843923	6998888	4027988	
        863 : 2777988	6216816	3522753	4996742	
        864 : 6670061	  12491	7950395	7504150	
        865 : 4084982	3288408	  53352	2346270	
        866 : 7278368	1020622	2660305	 764610	
        867 :  466973	2588338	6679940	3768552	
        868 : 2146948	4618075	 884495	3928814	
        869 : 4140951	2300579	2044084	5844834	
        870 :  886965	5008876	3683218	3117837	
        871 : 6280832	6617880	7554261	5680890	
        872 : 2830492	2253642	6086114	4633024	
        873 : 7883553	7783273	4696889	3940177	
        874 : 6843393	7618055	4282596	1758219	
        875 : 3311551	3444694	2268402	1185541	
        876 : 4760217	3362855	3398272	5792682	
        877 : 5901282	7635218	8297838	 877519	
        878 :  371221	5566128	5438927	 143967	
        879 : 2855947	2110263	2696473	4107084	
        880 : 2690435	7919666	1226105	3056712	
        881 : 1569988	4425343	  54865	2703608	
        882 : 2055067	6645298	8056845	7905702	
        883 : 4334538	6524462	3983265	5601039	
        884 : 6413574	4019866	1441864	2718723	
        885 :  894011	1282446	2198153	 736445	
        886 : 4383263	6915103	6269984	4076946	
        887 : 2970239	5255611	6028570	4656425	
        888 : 5064756	2468414	1132673	7197781	
        889 : 1909148	3832317	5870380	7778722	
        890 : 7704039	7066833	 566484	3626040	
        891 : 6402870	5648599	2728666	7685184	
        892 : 7347150	 156708	8323558	 954613	
        893 :  140481	2444985	2748846	7827741	
        894 : 5362255	5671752	6169064	 646499	
        895 : 6109687	2397034	8304530	4664578	
        896 : 3386647	5961667	1259404	1032900	
        897 : 5250293	6841115	6258551	6361107	
        898 : 2927991	8343733	 949891	1071352	
        899 : 1290129	8276705	5404057	4791053	
        900 : 1882104	4308054	5423213	7110074	
        901 : 7114630	6427549	4540728	4229839	
        902 : 3715628	1610703	3725124	5110925	
        903 : 4711134	7471975	2732632	6600590	
        904 : 6554521	 898536	7238270	3386595	
        905 : 3113860	1860619	7381708	6900568	
        906 : 4824872	5790964	3597140	1653339	
        907 : 6652964	6024517	6400762	1836566	
        908 : 6885506	6840899	6948874	1647603	
        909 : 2031560	6669549	6135408	2424324	
        910 : 6163575	 114036	8289401	7564356	
        911 : 8296721	7910998	5395239	2554181	
        912 : 6407470	7723695	7188211	7754552	
        913 : 8226037	2488794	4429921	6549084	
        914 : 6513208	6025881	1657890	 475768	
        915 : 6565160	7756660	3150076	5018995	
        916 :  794690	3255806	3940713	5974193	
        917 : 2037982	6765481	3260893	5164151	
        918 : 7501636	6570257	7826131	6933800	
        919 : 4857953	8294031	3844058	6419179	
        920 : 6445248	1199430	3853570	2850121	
        921 : 1524904	 274152	7773017	4874482	
        922 : 5838745	6138102	4228076	8327287	
        923 : 3218685	4059200	5719942	7226786	
        924 : 2931431	2677870	6532362	7242011	
        925 : 6453747	 264117	2350828	2821592	
        926 : 2680276	4477080	3948979	5049185	
        927 : 6852117	3087795	  86016	8013996	
        928 : 3375543	2683105	2261541	3715989	
        929 : 1169290	3677080	 506158	5602351	
        930 : 6246479	3932307	6471760	5981090	
        931 : 5380609	 789927	 193974	6503535	
        932 : 2047671	 911470	 602255	8136313	
        933 : 7001295	6748265	7618591	6589849	
        934 : 7082832	 125322	7169701	2657876	
        935 : 4409317	1101008	2383688	1314940	
        936 : 4719147	2488315	3379962	2647724	
        937 : 5417438	1632294	4827101	3978406	
        938 : 3741417	4231167	8102321	1900557	
        939 : 3405881	4721305	5414824	 588205	
        940 : 2967525	4255935	1633901	5611869	
        941 : 1340366	7567750	7438302	7541524	
        942 : 7347739	7631959	5718510	2227395	
        943 :  397423	5995570	5173016	6810007	
        944 : 7771066	3209228	7051701	4079411	
        945 : 5381443	2720641	5389780	3616997	
        946 : 7307568	6765731	1884054	5934137	
        947 : 3115357	5647417	4970449	5582329	
        948 : 6973704	4136050	3728659	5744451	
        949 :   14792	4744779	 969221	6823939	
        950 : 1244029	6976486	1555115	6575394	
        951 : 3774635	6350701	8368715	4366866	
        952 : 4551643	4856824	3576698	3150932	
        953 : 1968315	 995252	8291680	6775145	
        954 :  638251	7036331	1512693	1888639	
        955 : 1001387	2641964	1892705	3039182	
        956 : 4371128	4376498	3838097	6524515	
        957 : 1894259	6223700	  56111	6597763	
        958 :  279898	7707150	3284226	2669498	
        959 : 2535886	1874268	3258794	4074023	
        960 : 3926979	3026553	4768547	4083967	
        961 : 3383026	7686087	7028371	3253101	
        962 : 5688001	4819162	 470611	6857070	
        963 : 5318558	7948974	4610410	8342556	
        964 : 3995583	2476273	7518528	8184833	
        965 : 2688089	5998786	1523668	5683005	
        966 : 4490821	6922415	2645265	7100667	
        967 : 5164897	5490565	7815357	 926230	
        968 :  851132	3481712	5540098	7992991	
        969 : 8144536	2048160	 429528	8221665	
        970 : 4592755	5928938	6308549	8207360	
        971 : 7940592	7385919	7748586	6983166	
        972 : 7557761	1986029	4060379	2876269	
        973 : 1295061	3037326	 474845	6645445	
        974 : 2742540	6840767	6213532	7784734	
        975 : 2677447	1272313	8051118	8216499	
        976 : 1869152	6862224	7159282	7272162	
        977 :  642102	 909863	7117302	3729889	
        978 :  634037	7194005	7542636	4018716	
        979 : 2186786	6789534	4601176	1452642	
        980 : 5612420	5148215	7473607	5744773	
        981 : 3449730	5766403	7643612	7573533	
        982 : 5851092	7226598	5123122	7696240	
        983 : 4634355	2022388	 864837	6758736	
        984 : 8328553	7138731	8363036	4640226	
        985 : 2617067	7667481	5590908	5802118	
        986 :  100216	1540044	7016556	 229235	
        987 : 6519619	5266985	2974765	3869956	
        988 : 7534883	5182212	7902603	7601093	
        989 : 2413152	 342277	7964183	8073263	
        990 : 4602085	6449343	7340133	5030214	
        991 : 6014616	6734105	5238077	3021054	
        992 : 3839680	 967533	5743555	4908712	
        993 : 6230795	5773968	6587712	5826806	
        994 : 2804141	1042006	4183396	7687398	
        995 :  608508	1259399	5976458	3232146	
        996 : 4515618	2671657	8109377	2323334	
        997 : 6589176	7385459	7275248	4365585	
        998 : 8184059	6468404	6232755	3315665	
        999 : 1529608	4066121	8067813	6702377	
       1000 : 5040169	6717299	5105813	2579912	
       1001 : 6099940	1460467	1671348	7064098	
       1002 : 6722672	6867625	1364736	1266746	
       1003 : 4205147	2319802	 517640	7991816	
       1004 : 2236608	7652751	1467612	4770637	
       1005 : 6433913	1849627	6028649	4139550	
       1006 :  623383	6881068	1158041	 651485	
       1007 : 1075360	1239640	5647251	6728745	
       1008 :  515778	2255173	5200643	6309346	
       1009 : 1448556	8236600	2614002	7975139	
       1010 : 3856591	2734850	 167669	4460084	
       1011 : 2283767	5911462	5498401	2802366	
       1012 : 7593322	1162778	1434633	4574537	
       1013 : 3621598	1707028	4252578	 516946	
       1014 : 1116143	3346238	8079703	2563865	
       1015 : 2412572	6008771	7886724	5493959	
       1016 :  470695	6025147	5549819	8002659	
       1017 : 7971835	 603801	6741708	4917770	
       1018 : 3834164	6183723	7735453	6385032	
       1019 : 4265014	2991884	4263123	6439335	
       1020 : 5964216	7370321	2618380	3963176	
       1021 : 6231544	6033869	6444585	3327840	
       1022 : 5246246	7443603	8131193	8279915	
       1023 : 4569661	5900864	2914154	6976910	
