          0 : 6173561	1126767	7198593	1722341	
          1 : 5290005	1701462	7187264	6369303	
          2 : 7983353	1153722	 275724	4661720	
          3 : 1656281	6974350	6764542	1482088	
          4 :  771879	6281021	7087642	3068156	
          5 : 2676165	2657549	2438982	2932260	
          6 : 4687739	3444180	1503935	6155313	
          7 : 5880807	1349078	 519080	4649746	
          8 : 1028788	6130094	4084820	8025527	
          9 :  584724	7883778	 416279	7219137	
         10 :  874085	7892328	1903519	2993173	
         11 : 2318062	5566689	2666607	7813606	
         12 : 1143700	6067001	5074874	2669668	
         13 : 6701612	7217256	3727248	8038104	
         14 : 2726247	3197581	1999760	5857302	
         15 : 3713574	6037845	2353756	2006093	
         16 : 4567356	7703199	1300979	5709279	
         17 :  917286	1770752	4788271	8170377	
         18 : 6549829	7770255	2431675	7192266	
         19 : 3578950	1216767	7729492	4541312	
         20 :   88061	1160282	7919890	6637610	
         21 : 4617087	3548304	 465031	6843420	
         22 : 2082052	7384142	2201886	4519323	
         23 : 8168809	5768182	7264544	5369980	
         24 :   20688	1962764	5075271	3887907	
         25 : 6375746	5312711	6441535	1825642	
         26 : 3250517	7554551	4916526	2588535	
         27 : 4233568	5665841	2683531	1163667	
         28 : 4233723	1144741	7049574	1220391	
         29 : 2223722	2347874	1076279	2383983	
         30 : 6590487	5814455	8217380	7591343	
         31 :  420232	2506191	   8679	3097242	
         32 : 2225899	8133555	1464137	6221621	
         33 : 7856551	 124436	7985149	 609203	
         34 :  273109	4690728	7778406	3242143	
         35 : 4682584	 354984	1376371	4457376	
         36 : 5883101	8143410	4410975	4696468	
         37 : 5770046	2493099	7334614	2125195	
         38 : 2183446	6956810	 245309	4788152	
         39 :  150919	5411769	7704562	1080750	
         40 :  897146	4281577	7999744	  51326	
         41 :  985369	5345681	6444398	4841205	
         42 : 6383103	6332551	2579949	6628200	
         43 :  512930	7084581	3362622	2250032	
         44 :  523926	2332056	3433917	6828923	
         45 : 7520508	5870928	1985587	7312108	
         46 : 2847650	5744729	4730905	6947721	
         47 : 1599163	2208373	3814382	3811976	
         48 : 1491745	6714267	2132598	1125528	
         49 : 6289423	 808677	2274355	8376842	
         50 : 4975411	4108227	8325042	2576910	
         51 : 3536509	5862394	7423724	 257367	
         52 : 3913472	7601096	 675542	4752300	
         53 : 6265292	1268308	5674028	6470685	
         54 : 7032954	 914656	6449293	5539802	
         55 : 4056267	5431258	5187693	6505963	
         56 :   50005	7358722	5429375	3947675	
         57 : 3151957	5966927	 734733	2707580	
         58 : 7935825	1792559	7039755	 889446	
         59 : 6898507	1318484	2979389	1644844	
         60 : 2623959	3882215	3784320	 845012	
         61 : 5289394	3490596	1283213	3334824	
         62 : 2087272	 980122	4878060	2411837	
         63 : 5373494	6018979	4806457	4559780	
         64 : 1077735	3053024	4136880	6720844	
         65 : 6125508	6464013	5651722	2979083	
         66 :     182	3402463	6947108	2814632	
         67 : 2286389	2224492	1543130	3769730	
         68 :   20433	1295224	7515956	4891288	
         69 : 2994995	5139254	5829268	4691011	
         70 : 1802879	4616008	4796835	3923865	
         71 : 5170086	1972361	7327874	1571287	
         72 :  366019	4051873	2002647	5330963	
         73 : 2251124	7949069	6463825	2207956	
         74 : 2076360	4012111	7842760	3236029	
         75 : 7953494	 740611	1124826	3247585	
         76 : 3578060	6914604	4193854	7444053	
         77 : 2051440	5074201	7597113	3320979	
         78 : 6970736	6376962	7049849	 918420	
         79 : 1461349	2595206	1346352	5794312	
         80 : 4224371	1028202	1599868	4228137	
         81 : 6422677	7900342	2267558	 544218	
         82 : 4502871	4863014	4412733	4258193	
         83 : 5315709	7318797	4672334	2107122	
         84 : 2242119	5166449	7926229	6052381	
         85 : 7280526	 889406	 801004	 394544	
         86 : 1063354	6020778	1655870	3265789	
         87 : 4494194	 831966	4573054	4394339	
         88 : 7483460	7879775	4597897	6217565	
         89 : 6694547	3266056	6697393	4766228	
         90 : 2652713	5801641	5293493	5122030	
         91 :  744733	 941339	2601206	3426824	
         92 : 2374698	6219198	3171937	6237156	
         93 : 4614857	4860386	2043174	6709665	
         94 : 3778796	4618693	2865216	5098515	
         95 : 8175818	 799187	5809362	2701985	
         96 : 5823205	1410572	 614186	2491704	
         97 : 7752909	3938971	4039151	4118694	
         98 : 5018528	2510031	6111964	4125846	
         99 : 4670991	6096052	7245112	5326023	
        100 : 5269855	4889857	8185579	 345485	
        101 : 3966744	4688221	 215760	4390536	
        102 : 4848914	7470478	8077723	1263914	
        103 : 6280288	5180625	3217255	  20227	
        104 : 4701234	1963950	4011290	3187281	
        105 : 2218414	2508468	7606655	2005321	
        106 : 1822615	  92672	 856467	8341511	
        107 : 3941928	7631201	8179988	 265329	
        108 : 6914613	1295844	3922690	7801271	
        109 : 5994515	6441547	4607644	6063339	
        110 : 2782235	 787473	5634842	2476883	
        111 : 1400454	5269273	5353842	 161983	
        112 : 7062423	7790462	 278888	4032591	
        113 : 4607280	 273662	1766999	1506100	
        114 : 7054735	2916921	4336278	3284536	
        115 : 4697367	4384503	2443054	7155331	
        116 : 6486278	2688706	1333981	 690494	
        117 : 7503375	2639317	5060267	3454309	
        118 : 7206393	1504214	 101877	3143533	
        119 : 4517758	1965000	8081397	 375116	
        120 : 5297872	5986961	1288515	6518413	
        121 : 2300433	2668879	3957645	4492495	
        122 : 6287932	4965567	7354260	3260192	
        123 : 1382183	3603674	3353416	8288776	
        124 : 8193037	7781833	3484996	5529822	
        125 : 6923708	5360625	6130811	8322933	
        126 : 1987561	8165401	7669149	3646413	
        127 : 1402091	5353684	 254600	6770719	
        128 : 6749541	6803267	4442583	4367411	
        129 : 2985491	7026448	7555092	 242849	
        130 : 5466692	1802908	6281953	6002059	
        131 : 3935227	4449451	2211299	4890824	
        132 : 6543493	1893459	1040917	3452708	
        133 : 5122368	7265973	 723833	3600190	
        134 : 6091625	2321527	7151353	 541273	
        135 : 5175276	5941157	3679175	2489191	
        136 : 6963610	1139110	7179986	2949628	
        137 : 6862542	6788813	1037703	7878778	
        138 : 3693748	1372122	8012182	4909990	
        139 : 4393440	 571695	6111593	5265387	
        140 :  279218	2961141	7681563	5362615	
        141 : 4154576	4014232	7621085	5776365	
        142 : 2835461	1026657	6881619	1942426	
        143 : 3708945	6914087	8186664	 785625	
        144 : 4540548	5265655	3776497	1840665	
        145 :  911317	3941490	3590699	 458861	
        146 : 8197881	5111486	4713478	1864475	
        147 : 1633910	5023326	 781258	4914957	
        148 : 6363567	3817204	5478160	1203677	
        149 : 1462915	6998134	2714796	3821370	
        150 : 4126027	1038510	2305501	5409900	
        151 : 2402875	5064132	7553304	3838831	
        152 : 6767834	7284271	 133999	7292239	
        153 : 1467885	5576190	5863474	7775558	
        154 : 8142268	 822692	2104089	3730123	
        155 : 6789061	1882958	6748468	5861126	
        156 : 6642857	2835300	4320011	3435718	
        157 : 4116104	7794474	 777775	2040806	
        158 : 5606383	2456155	2841168	 887832	
        159 : 7805450	8001877	2127687	7284708	
        160 :  207516	3899265	2987087	5548651	
        161 : 3067015	6740889	7157548	3194350	
        162 : 4732623	 876416	3379560	5023233	
        163 : 5948368	5023923	3589232	6771591	
        164 : 4507189	6699823	4399924	2815808	
        165 : 2431335	4400841	5948688	2203550	
        166 :   96377	5748356	3713332	5702406	
        167 : 7762278	 772401	3088838	5073454	
        168 : 8061963	4716165	 166761	6059651	
        169 : 4801108	6968069	3575693	 521792	
        170 :  188722	7860918	1826879	2963222	
        171 : 4174250	8032918	 280359	1674450	
        172 : 5514650	3473290	5687026	4605781	
        173 : 6851400	5704837	5247258	2391158	
        174 : 8299694	 328375	7408758	5482554	
        175 : 6904246	 435481	1956438	2470238	
        176 : 1752430	6273379	6254030	7107984	
        177 : 5080602	6288237	7254845	2347522	
        178 : 5079558	7906401	5546573	6685929	
        179 : 6020146	 683788	1792091	2873897	
        180 : 3532360	1062727	5408767	3157741	
        181 : 3600598	7509103	 328898	3690602	
        182 : 6384072	7463540	8048536	  72375	
        183 : 6270579	4794099	2809265	2402788	
        184 : 4101263	1745207	2640909	3256512	
        185 : 7005407	4215981	1573691	1984152	
        186 : 2511592	3001159	5212123	7493881	
        187 : 3806741	1242568	6467226	 451349	
        188 : 8164311	4185830	7349775	7426464	
        189 : 2886228	5716039	7945837	1209676	
        190 : 5450715	7133703	3990112	4788231	
        191 : 1090704	6743618	6000883	6307666	
        192 : 7025124	4896573	5412784	7911429	
        193 :   13598	7990769	3964134	4283713	
        194 : 5652511	2754729	6837520	5532768	
        195 : 4618580	2617936	2870584	7083960	
        196 : 1767814	 393106	5340561	1786266	
        197 : 1792651	4494005	2462085	2019204	
        198 : 2601308	2833009	7860395	6025551	
        199 : 6967394	7229480	5369322	2920398	
        200 : 2485593	1526766	4746679	7617986	
        201 : 7383604	6848178	  47343	2610823	
        202 : 3375859	4049051	2758298	3307260	
        203 : 5527340	1263964	7690299	3639821	
        204 : 6090293	 451845	4742712	7489046	
        205 :  374343	6297358	3236201	3660416	
        206 : 4113350	4476940	3325808	5652439	
        207 : 7249202	7200794	 751047	8348665	
        208 : 7873429	4131084	6963381	3847661	
        209 : 6212437	2440565	 323124	7328863	
        210 : 5390744	7842032	 520802	6515196	
        211 : 7799201	1632306	2753680	7108804	
        212 : 1715768	2745373	 676591	6356519	
        213 :  942957	1065996	2953217	7613374	
        214 : 6485441	7517940	3531917	 859742	
        215 : 7987686	2828131	5550281	3030897	
        216 : 2010993	6288817	2317126	1725469	
        217 : 6963544	2400893	1504329	6021065	
        218 : 6297070	1886497	5160838	1745287	
        219 : 4032849	 740837	6988677	7782376	
        220 : 5271150	7857306	 356002	3007140	
        221 :  589866	1592049	7980675	 872520	
        222 :  686889	5685096	7637331	2040891	
        223 : 4232091	  23416	6276296	2425986	
        224 : 6343488	1914426	3934431	6415751	
        225 : 1650752	7268127	5308959	 622253	
        226 : 6861202	6450581	7042750	  26485	
        227 : 5661078	5090893	4519262	5362861	
        228 : 8139688	8160871	1974920	3845777	
        229 : 2200306	1680852	2578385	6076195	
        230 : 1823757	3304073	 218557	4592768	
        231 : 5822841	2450696	4191974	5347156	
        232 : 7091409	3322189	 730208	 293662	
        233 : 2526144	5476108	 186321	2031923	
        234 : 6943088	8130841	7449531	6723477	
        235 : 1407403	4650105	7872918	4790025	
        236 : 7915135	8227085	7066393	2912719	
        237 : 1798556	8328859	6870600	6003044	
        238 : 1130189	3447450	3096402	6697802	
        239 : 2675341	2791528	4593743	3342933	
        240 : 6600987	5918142	7258824	3264177	
        241 : 3560784	6277644	5350198	7129205	
        242 : 7019143	1429313	3910753	5854745	
        243 : 3096806	2477242	7603866	3278876	
        244 : 2802451	4617725	 344661	2028706	
        245 : 4015366	2275875	4941038	6647545	
        246 : 7289941	2301166	1232655	4039912	
        247 : 4321886	4890163	 226585	7463541	
        248 : 4136187	2929040	1462303	4886371	
        249 : 6312614	 910778	4734146	6222483	
        250 : 3407078	5325746	5492011	7864880	
        251 : 6260668	7835681	8358517	 530945	
        252 : 8012580	 641627	6326603	8021273	
        253 :  186152	2452572	3961628	3380885	
        254 : 7026829	2123450	5166356	 863907	
        255 : 4280091	5244170	3857641	6251201	
        256 : 2894221	3759434	5595694	3828251	
        257 : 4522876	3185316	5989258	7825104	
        258 : 5081346	 196383	7295328	1204555	
        259 : 4587309	4913481	3675425	8223321	
        260 : 4768744	6449076	2221740	3665954	
        261 : 4891974	3275678	3315012	7399267	
        262 : 2307475	1252540	4394071	5299738	
        263 :  735521	4062959	1119599	 266711	
        264 :  715679	1268641	8122657	6916636	
        265 : 8220361	2600963	4684203	5776970	
        266 : 1465590	4887967	3890291	1231449	
        267 : 7669996	2466952	1610836	8217736	
        268 : 7906649	4219542	1759263	1168013	
        269 : 6635048	 569835	2198013	2796834	
        270 : 6430919	 275464	6759881	5410670	
        271 : 2433357	2713564	3038404	  52508	
        272 : 5580411	 302068	6443117	6496736	
        273 : 3221469	6497319	2475535	 778355	
        274 : 6706098	1728345	2195057	5577710	
        275 : 2467779	6251249	4624630	7534182	
        276 : 5557838	6592225	1924066	5928687	
        277 : 6838412	6517115	5069518	6120728	
        278 : 5786534	3669938	7190673	6846056	
        279 : 7659206	6696729	1897654	7511737	
        280 : 4204013	3172014	4679272	7379637	
        281 :  481808	4331143	4837084	3007923	
        282 : 7740090	6279043	2200579	3435642	
        283 : 1630195	5808239	7678366	8181715	
        284 : 3567820	6503965	 114143	2073190	
        285 :  524050	3386584	5634190	4507449	
        286 : 4479111	1102556	 426795	4212582	
        287 : 1273638	2147463	5550214	2000852	
        288 : 3790576	6888064	1133551	2068864	
        289 : 6691812	6421154	1930667	1941004	
        290 : 3925727	5843488	2856628	3246062	
        291 : 6155913	5702673	3424866	1168250	
        292 : 3149011	2362708	4910131	6545914	
        293 :  397205	5529491	2373416	2405764	
        294 : 2906531	 993350	1319266	1347500	
        295 : 7517383	 707803	6401980	4030791	
        296 : 1136277	7937899	5895837	1817758	
        297 : 4781600	7597392	7540992	 393080	
        298 : 7451237	7790804	5031224	3282914	
        299 :   83013	8343945	3251043	3807948	
        300 : 6556233	3668505	7105937	 568936	
        301 : 2006471	4564255	7001708	7895833	
        302 :  982204	3011430	2672832	1691717	
        303 : 2881740	 120177	3356299	8145984	
        304 : 4052392	4484990	1783656	5387934	
        305 : 6274576	 777457	4478700	3870510	
        306 : 2388687	6813448	1306613	1774134	
        307 : 7843617	7222879	6701904	6378366	
        308 : 2742622	6997188	6256206	 434790	
        309 : 5992210	7855840	2219887	7447456	
        310 : 4629713	7212888	6787010	7112479	
        311 : 7727786	8212722	2537465	7492264	
        312 :  454123	4459382	1647880	4057902	
        313 : 4807391	3562309	4490034	6525609	
        314 : 1768276	7196073	1456671	2047809	
        315 : 5384064	7817059	4844587	7986206	
        316 : 7210560	3376343	3627456	5674200	
        317 : 5590300	4157040	7083522	4668271	
        318 : 2641468	5350531	5857373	7301733	
        319 : 1414270	 873563	2045829	7051004	
        320 : 1367748	7749589	6099049	6520926	
        321 : 1598468	6371595	4641574	5652992	
        322 : 3388103	2765150	6940265	1060100	
        323 : 3116895	7993494	5184495	6403308	
        324 : 4589873	1622224	3666837	4369519	
        325 : 3938300	1797920	6450285	2965322	
        326 : 8296535	8094770	6204770	4049989	
        327 : 3064667	1744435	4134502	1007653	
        328 : 4812520	2072347	1781040	6534633	
        329 : 4856079	6075780	8006450	7371297	
        330 : 4274332	2842163	2933794	3679103	
        331 : 1172716	3830673	1890396	5366049	
        332 :  165838	4208401	3281534	 450499	
        333 : 6829074	2758689	5833978	1641864	
        334 : 5514603	4404163	3509287	3284746	
        335 : 6566447	3369606	3169059	4052787	
        336 : 6382778	1144681	1389477	3232968	
        337 : 2356169	6172968	6346215	7233108	
        338 : 1682759	5626952	2826853	2106714	
        339 : 5632175	4425026	8065812	2629045	
        340 : 5824600	3455162	5545872	4778116	
        341 : 4643565	8346934	 232424	3002205	
        342 :  762273	1924306	5685046	6085293	
        343 : 4111915	6429651	7467834	2759093	
        344 : 5379956	2262485	3138172	7386250	
        345 : 3568393	8106055	 672540	5115550	
        346 : 8053171	3996389	4262146	 694951	
        347 :  339538	5797198	2095481	8095856	
        348 : 7894625	4806013	7551947	7458380	
        349 : 3160473	7103257	1039694	6268321	
        350 : 5169179	4615321	2203370	3044133	
        351 : 6500887	4908997	5838278	 568312	
        352 :  729354	1917242	7886566	2327074	
        353 : 6463415	3230353	3033368	6174386	
        354 : 5978476	1550902	2971834	6131411	
        355 :   69568	1578375	3425239	4305592	
        356 : 3601154	3479308	 170047	1534943	
        357 : 4185360	 501033	3263870	2312080	
        358 : 5871479	2637026	 556936	3101256	
        359 :  964301	 399413	 499295	5724502	
        360 : 7690518	1766199	7252038	 600895	
        361 : 5881811	1774094	 880133	7257704	
        362 :  272023	7604736	7770314	3035491	
        363 : 6015336	3997682	7004745	3671120	
        364 : 7630963	2272820	4907016	7059452	
        365 : 6397955	2419012	2711916	5389869	
        366 : 4258650	3513554	6260337	6697058	
        367 : 8366774	4688062	6749716	4529492	
        368 : 7815422	6759804	5231506	2399130	
        369 : 2582952	6644004	6857370	1029846	
        370 : 8364228	6660104	5466310	8155413	
        371 :  156695	2541150	 403199	5646261	
        372 : 5486269	 392031	1174584	6761715	
        373 : 1657856	3094730	2551469	7365755	
        374 : 2181759	 313178	4849374	7860697	
        375 : 7667098	3916232	3712385	 206844	
        376 : 1938359	1742483	6207264	5547549	
        377 : 7719203	7028016	2666237	3127918	
        378 : 1226601	2996113	1114109	7904566	
        379 : 7995884	2396783	7336760	7496682	
        380 : 3253079	1192382	4104946	4321532	
        381 : 1192072	5269970	1901990	2559649	
        382 :  411307	3100713	6555536	5344499	
        383 : 5085315	3405218	3516162	4517369	
        384 :  365016	3983902	5520090	5847374	
        385 : 5278757	 217830	2317472	6972223	
        386 : 8366974	7608414	7556498	7568163	
        387 :  366188	3177510	7968822	7937269	
        388 : 2838132	2453176	6726509	7667078	
        389 : 8229275	1190852	 417548	6894437	
        390 : 1511209	 590407	3588001	1959589	
        391 : 1484657	 927371	8135213	1070351	
        392 : 1707119	4549805	7282173	3215460	
        393 : 7318031	4425985	 139226	3426126	
        394 : 7824144	 866829	8071904	2787339	
        395 : 2468147	2219329	8296906	2404724	
        396 : 1352259	4819697	 293623	2339509	
        397 :  245292	3422650	6682541	5966668	
        398 : 1285377	8070995	4521069	5302136	
        399 : 3802525	6289377	4072434	1326055	
        400 : 7226418	5207514	5372720	3620377	
        401 : 3766980	5749756	1193316	6680851	
        402 : 7439500	7387904	4360612	5059496	
        403 : 1937484	2320662	1046925	4258589	
        404 : 5051228	6371147	4548478	2904515	
        405 : 8054826	7222583	7945085	7129970	
        406 : 8161220	 353354	 518671	7080305	
        407 : 5215719	5964353	7465774	5286137	
        408 : 6494045	4582765	2494163	4590256	
        409 : 2044867	1783375	1589316	1944478	
        410 :   16414	3941938	3662833	8223283	
        411 : 4278065	3777580	4196488	7700218	
        412 : 8236490	1685116	7376176	3494672	
        413 : 5142356	3779787	2675249	6867856	
        414 : 6924002	1072413	7034410	1876849	
        415 : 3692866	6673909	2055673	5950042	
        416 : 6085175	5857510	 411658	6256878	
        417 : 3991629	1442437	5973952	 305716	
        418 : 1462698	 985830	8171180	6204305	
        419 : 1518061	8019008	 808312	6992116	
        420 :  131508	3980264	4492761	4060737	
        421 : 8075442	4149135	2064575	3396969	
        422 : 2448382	1312954	 547715	5261478	
        423 : 5226457	7134647	6411065	7634864	
        424 : 2334816	7045851	5055425	4535024	
        425 : 8225405	4520841	6370934	4086568	
        426 : 5682873	5043054	3230384	6602571	
        427 :  937917	5722018	6077421	 145280	
        428 : 4351924	6185015	2538731	3897135	
        429 : 8243614	4301667	6229882	7597731	
        430 : 5992506	5218807	2754218	3539146	
        431 : 3489019	3638272	7958298	1486347	
        432 : 7271288	 653838	4501172	3155790	
        433 :  645239	7420318	  50328	1042079	
        434 : 7656164	6434603	 465624	4145562	
        435 : 6642657	2646090	7196578	2071455	
        436 : 7726444	4130673	2985076	4115897	
        437 : 2132874	6016162	7465182	1652903	
        438 : 7896352	2263856	1718483	7659101	
        439 : 7580016	1199294	6193071	6595084	
        440 : 1644420	2550636	6116613	2814131	
        441 : 1172792	4545144	8064246	2281965	
        442 : 6216569	2300878	2064183	7414578	
        443 : 2250398	2202550	2088288	5012041	
        444 : 3935025	1710205	4785937	5191469	
        445 : 4089338	7452197	4544403	5427846	
        446 : 1856944	4573950	3546021	7495696	
        447 : 5969916	5690263	5791053	2041334	
        448 : 4290630	3828803	7196835	1244983	
        449 : 2789501	1835774	4072426	1185709	
        450 : 6015157	4772239	1724196	6775749	
        451 : 7354194	6901329	3862580	4018417	
        452 : 3955464	7397857	2062337	 955484	
        453 : 8051723	   5723	3315111	6873143	
        454 : 4849369	4132696	6196541	5567306	
        455 :  151718	5567250	7251380	5031410	
        456 : 7781168	1531295	8016969	6755331	
        457 : 5123099	1824569	1230352	2709857	
        458 : 5363030	8183878	4469145	7481003	
        459 : 7281334	8329947	2158663	7519246	
        460 : 4703895	 145568	3370534	7062307	
        461 : 3173225	5956862	2661393	2520810	
        462 : 6289666	5162598	2427183	3097291	
        463 : 6246986	2929551	2113144	 283285	
        464 : 4565688	7459217	5175550	7260253	
        465 : 3900260	7524075	1358692	3016605	
        466 : 1827058	1093812	2012945	7803415	
        467 : 1199880	2689631	 201261	6067075	
        468 : 2238046	2430501	 354889	2479603	
        469 : 7674387	5559109	3324291	5297388	
        470 : 1698131	7038529	 103021	5744145	
        471 : 4852124	5926119	8040701	1216985	
        472 : 4738709	 209604	6710346	 360283	
        473 : 1536537	 174649	8027435	4238510	
        474 : 3073974	2086601	1887412	1670215	
        475 : 5964867	6607666	4415623	5098923	
        476 : 8286213	2361520	 138304	5872000	
        477 : 5356772	1893442	1772966	1913154	
        478 : 6330699	2810638	7468691	4787279	
        479 : 5928280	 754389	 482557	3833761	
        480 : 4501957	 152106	4442450	2457662	
        481 : 5805427	5642457	8330644	 192668	
        482 : 5690207	4146123	6815099	7774216	
        483 :  501391	6339343	4033669	2735500	
        484 : 2198842	7286487	2483388	5830718	
        485 : 5818519	1554497	7996602	8174322	
        486 : 6352757	4999613	7638955	5780919	
        487 : 1591566	 239348	7823335	1644161	
        488 : 6317069	5577834	4322130	5566330	
        489 : 5739069	4412123	7508179	4011432	
        490 :  379515	3511050	2924620	 280346	
        491 : 5610990	7162544	3355121	4564615	
        492 : 6328397	  87980	4594280	7374692	
        493 : 7279238	  21454	6593456	3015085	
        494 : 5421161	3001865	2787184	2923495	
        495 : 4755826	6144416	1293779	5626479	
        496 : 3976521	3126866	3597878	2875520	
        497 : 2204918	5960323	2347999	6051583	
        498 : 5292349	8122844	5795217	 716858	
        499 : 3421272	6845998	2724387	6862618	
        500 : 2624078	3433409	8342629	3975981	
        501 : 2359863	2165132	2832610	1628663	
        502 : 7144464	5371492	1511352	 430195	
        503 : 5066159	 312268	7701480	5902579	
        504 : 3922570	3567428	4815863	 952501	
        505 : 7818639	6226015	4358620	4071431	
        506 :  780580	1758123	5633177	5469083	
        507 : 1676597	7946088	5317946	7348780	
        508 : 5198951	1927969	6151653	7633286	
        509 : 4122330	8032089	7238645	4021606	
        510 : 7522418	1128204	3492055	1750111	
        511 : 6099823	1699806	3776742	2155095	
        512 : 5291110	1418509	6726153	6592369	
        513 : 3911020	2673574	3286509	2834542	
        514 : 6776530	7989921	6035859	7929801	
        515 : 4767276	7917785	1188750	8364996	
        516 : 5058874	3055606	6868618	 304959	
        517 : 7484098	6630986	5922275	4259273	
        518 : 1158498	 487090	8328737	6402560	
        519 : 5079340	7415865	6091804	4072541	
        520 : 2331953	7069414	3674166	1879432	
        521 : 7826521	1136251	1264549	4504366	
        522 : 5630102	1508708	 773794	3154252	
        523 : 5373811	5838134	6327387	6605297	
        524 :  875240	3316945	  92571	2541581	
        525 : 3015670	7402693	3394129	5715841	
        526 : 8099534	2967386	2464416	2438734	
        527 : 6227604	 455836	3332992	6201628	
        528 : 6881037	7626437	5472974	8264485	
        529 : 5528592	4392115	3927167	6785127	
        530 :  795783	8373460	3622597	2912128	
        531 : 7787698	 748597	7016442	2162954	
        532 : 3294629	7002954	6758888	1110374	
        533 : 5864352	4412404	2869649	8183359	
        534 : 6413827	 138839	3930270	5722686	
        535 : 2779038	7414262	7083059	5332797	
        536 : 5629333	3764955	6308393	2053281	
        537 : 1269466	1629782	6113083	4290120	
        538 : 1978522	5834428	 949711	1595662	
        539 : 6616297	 356256	6418080	6451200	
        540 : 6168594	7665222	2708277	1162417	
        541 : 6988238	5196199	7237688	5624469	
        542 : 4392230	5051362	3511494	3277540	
        543 : 2872236	2705309	7183073	5236768	
        544 : 3782113	 487960	2833516	6682406	
        545 : 4476917	3396541	7490558	7967350	
        546 : 6605747	3622148	4676835	 662753	
        547 :  741315	7643638	1150156	7003151	
        548 : 6387658	3083850	 727037	5420206	
        549 : 7190574	6971945	 886341	 396199	
        550 : 1590543	 197668	5625819	2431296	
        551 : 8159715	7492568	2048999	7491706	
        552 : 4350850	6917709	5175695	4387504	
        553 :  596102	4120471	 931951	7597194	
        554 : 2898863	8235806	4065757	2020905	
        555 :  496957	5037802	2183890	7969116	
        556 : 7690896	6542919	5543014	2851721	
        557 :  542298	4270996	7054443	6981075	
        558 : 2445940	3626363	2084924	6535905	
        559 : 3299009	7037101	6768930	3231854	
        560 : 6828619	3299415	8341980	1692492	
        561 : 2186940	 315399	2692384	7609423	
        562 : 6407094	3134560	7496669	2506785	
        563 : 1415159	4752460	 282909	4032645	
        564 : 1397680	2927422	5479749	4719964	
        565 : 4731806	 466273	3688650	7699297	
        566 : 5630247	7753807	3675171	1693430	
        567 : 3274447	5292498	3777412	2257055	
        568 : 7257868	8323064	3943671	4402606	
        569 :  294856	7389958	5111706	7500005	
        570 : 4664129	7776282	5342703	6882740	
        571 : 3036882	1342122	5718100	5554504	
        572 : 5413944	7786124	2318616	4545741	
        573 : 1098883	3877144	6058902	1899680	
        574 :  869767	3943609	 970367	1088016	
        575 : 1542188	2167503	 990961	2660824	
        576 : 7682621	8156046	4384865	6601431	
        577 :  732848	2575705	 495766	3026110	
        578 :  827237	7517854	3217223	6011192	
        579 : 7041726	8376208	3627466	3145458	
        580 : 3065873	2696196	5066029	4163610	
        581 : 4605913	5144785	1996077	4747624	
        582 : 7733310	 357184	3474772	7435187	
        583 :   26709	5813690	7000776	2118154	
        584 : 6504866	2299025	2332092	6635279	
        585 : 1904541	5600060	2024222	5666145	
        586 : 2629535	4889143	4372369	 336418	
        587 : 7910580	 170835	4677486	 763846	
        588 : 7318586	3696775	  80670	3790900	
        589 : 5507292	6247386	7393429	5232779	
        590 : 3708791	7753232	4745304	3933768	
        591 : 7957997	8362815	3881068	4862700	
        592 : 6348948	1578996	5450547	4894571	
        593 : 6964515	5392584	6971499	4711486	
        594 : 3383508	5720110	1806458	 792915	
        595 : 1653293	8168354	5355304	4993615	
        596 : 6935102	 563177	2576872	4855118	
        597 : 3494233	2454148	2798607	7246942	
        598 : 4993489	1449515	5014192	6498731	
        599 : 1869542	7289271	6778721	7341934	
        600 : 6353364	 727353	3293166	3682714	
        601 : 7375025	7617932	2248048	4358247	
        602 :  952620	3130853	2417523	1833145	
        603 : 6445962	6678090	3267525	8025495	
        604 : 8370124	3537653	5671030	6901888	
        605 : 2644384	1612986	3780175	4704350	
        606 : 4138501	5115681	3725676	4585487	
        607 : 1222995	4717041	7188700	1738137	
        608 : 7845586	1361953	5317206	6975165	
        609 : 7911046	4850377	3593942	3274530	
        610 : 7280508	2887171	3426517	8271706	
        611 : 3775427	5372208	 405805	6369617	
        612 : 8151948	7905386	 970249	3154993	
        613 : 4679255	3493884	3156930	6437353	
        614 :  745260	2140433	7609046	1434645	
        615 : 4768750	4353558	1104514	8133906	
        616 : 2467467	7536063	 614991	7165788	
        617 : 5646117	7315788	8149271	1597743	
        618 : 6341590	3716580	 205933	2598357	
        619 : 5847922	 422622	4834399	2278283	
        620 : 7825795	4250671	 713071	3854099	
        621 : 4218830	6740938	7084771	6610167	
        622 : 3637981	2423007	7728328	 694356	
        623 :  363263	6829562	 451751	7008673	
        624 : 2332802	1482074	5648431	3546217	
        625 : 7991913	1279524	2984957	4686050	
        626 : 3218255	3645414	2338279	1074573	
        627 : 1418346	6054251	4013559	1093270	
        628 : 2997220	8218977	3808673	4475809	
        629 : 6846846	4364561	3516342	4414466	
        630 : 4586472	3025502	1185900	3027291	
        631 : 1572696	6669629	4545934	2202759	
        632 : 3176573	6999536	6035047	6480246	
        633 : 1485915	6978598	5738796	 314727	
        634 : 6375760	6645534	2025680	5002573	
        635 : 6498295	5798764	6014056	2357802	
        636 : 5205584	7016941	7727149	5729353	
        637 : 6611330	4839141	1018308	1808154	
        638 : 2683478	7062089	4877195	2511774	
        639 : 7802969	2314435	7323494	7614097	
        640 : 6706219	 117956	4508115	2615990	
        641 : 1687825	7667492	5682639	7522999	
        642 : 8242441	6145309	6663304	6964978	
        643 : 6208188	4522993	5729815	8115780	
        644 : 6991711	1090961	1835159	8145655	
        645 : 2750338	 526335	2627320	2464462	
        646 : 7546539	6461533	8138225	8155822	
        647 : 1493738	4005691	2504151	5309728	
        648 : 7572471	5011727	1003829	3535914	
        649 :  119496	1881263	3295819	1980626	
        650 : 3128897	3758977	 605172	6350444	
        651 :  718654	5349685	8284872	 782681	
        652 :  250573	7029541	4087646	4245730	
        653 : 3622023	 314495	3014304	 891909	
        654 : 3359244	8114863	4871506	5242519	
        655 : 6097213	 197989	2190561	1868162	
        656 : 7515448	1662677	4364923	5263807	
        657 : 5201686	1161274	   4498	6451382	
        658 : 7921002	5247628	 659218	3619947	
        659 :  891226	2871520	 800432	4756780	
        660 : 2975285	7169719	 301290	1263744	
        661 :  107872	3487253	8338133	5210241	
        662 : 7241737	 863890	7086415	1966495	
        663 : 1103917	2290228	7457998	6607236	
        664 : 5648786	1434649	5391025	7127222	
        665 : 3156330	4684184	4765510	5394419	
        666 : 4501373	6732404	7385262	 177834	
        667 : 5005269	4079025	5619429	6010767	
        668 :   73461	6742999	2286148	 801287	
        669 : 3612593	5154376	2820299	7993349	
        670 : 2739319	8255119	8027954	4292597	
        671 : 3518052	2816922	6541185	2458541	
        672 : 4981352	4076803	1446449	 583032	
        673 : 4400480	1751372	2117869	7900231	
        674 : 3303975	2551399	6658583	1766220	
        675 : 4886842	1071637	5785313	3807952	
        676 : 4603807	2275436	7224737	6688368	
        677 : 8273122	6479682	1287042	 736815	
        678 : 6202447	5258254	7245684	1917928	
        679 :  639164	1468740	 373831	4174227	
        680 : 1510897	1460422	4790653	2035847	
        681 : 5740423	 405501	5066441	1996577	
        682 : 4490544	 682377	3330534	3348482	
        683 : 1930071	4664182	1263004	4461036	
        684 : 4787979	6353018	1101594	4870601	
        685 : 7867277	4887333	  12938	2522399	
        686 : 4447595	5143797	1065668	6994158	
        687 :  207806	1690307	2272394	3672403	
        688 : 6213320	8010801	2587764	6720202	
        689 : 2008868	2694518	1841356	7458292	
        690 : 1674649	 136975	1965665	2554419	
        691 :  847505	5889624	7404310	2594516	
        692 : 4683765	7175737	8104991	8237242	
        693 : 7835742	7337522	8069554	5305124	
        694 :  116650	4565353	5781839	 687301	
        695 : 1695996	1562268	1826170	7616399	
        696 : 4770201	4258983	3638701	7668583	
        697 : 6889129	3226049	7223272	4532862	
        698 : 6808477	4857949	  61036	 173150	
        699 : 5406287	1340048	6325471	2243728	
        700 : 8093456	 784291	7513927	6199025	
        701 : 1397091	1801092	 671555	7588302	
        702 : 1886080	4290266	1934602	1706525	
        703 : 7559611	7055250	4323764	4966024	
        704 : 5127724	4349113	7080124	4671762	
        705 : 6141186	3123623	1436347	6299009	
        706 : 6119428	7649200	1049552	5305309	
        707 : 6156643	1714774	8279006	5919916	
        708 : 4954815	2859820	5127117	8202651	
        709 : 3225660	 238663	3344035	  91709	
        710 : 5740048	4382613	2167125	5341676	
        711 : 2734938	5898623	2613461	1086175	
        712 : 7805353	  80330	1890121	5881088	
        713 : 1465220	 809135	4320303	5754838	
        714 : 4999525	1106169	 557930	5391213	
        715 : 6933122	4997565	1770557	1388987	
        716 : 5613358	5499376	8277394	 495973	
        717 : 6381436	3008605	6505517	7872923	
        718 : 2872830	3868410	6377497	8235089	
        719 : 6816863	2701841	4292411	 857480	
        720 : 3128451	2404035	5948658	7353466	
        721 : 5674458	5163431	5964444	3391515	
        722 : 7597914	5065797	 724309	6121821	
        723 : 4420318	4437370	4674168	3738409	
        724 : 5900325	6568378	   7416	7477317	
        725 : 3130225	1695017	6682672	8211240	
        726 : 1845045	4430526	4036164	3293164	
        727 : 7300531	1772159	4515569	6387179	
        728 : 7330682	6632255	5716776	6890993	
        729 : 6142696	4666434	4530042	 626595	
        730 : 3132800	2912803	2480341	1451070	
        731 : 2197794	7956278	2115966	5057011	
        732 : 5398281	1099730	5479306	5148416	
        733 : 3448532	6577173	 502891	8027732	
        734 : 7173281	2257381	5750907	 266445	
        735 : 3747618	4011142	2291065	5171867	
        736 : 1412836	3091054	1808034	4396790	
        737 : 2111298	6288047	6031440	7593326	
        738 : 7090834	5340218	4992368	5942064	
        739 : 2072225	3868961	2293976	6605030	
        740 :  799230	4984609	6468182	4742091	
        741 : 4127784	7710225	6370442	5391536	
        742 : 2773506	2212237	6681446	5223688	
        743 : 6238949	6866812	6288898	2055544	
        744 : 1340449	1923190	5882316	3446631	
        745 :  590928	2847288	3528626	 832670	
        746 : 6958480	 675070	 289192	7844576	
        747 :  910633	4922522	4593631	3622955	
        748 : 3157305	2347937	2457281	6284366	
        749 :  574690	6851180	8307093	4285011	
        750 : 6795437	2681095	7452007	 540738	
        751 :  974841	 517942	5628536	8077665	
        752 : 3069832	6059346	5615860	3753029	
        753 : 7053757	5091515	5212404	1077447	
        754 : 2159976	1400030	5507758	5207862	
        755 : 3817123	6899820	4837972	2471031	
        756 : 2664681	7391669	7191707	7909382	
        757 :  176312	4085935	4010360	2138703	
        758 : 7671564	7314841	5541991	2378936	
        759 : 1558239	2636922	1396755	3313392	
        760 : 1280291	1973580	6684175	2155129	
        761 : 7749542	7936349	7839594	6905415	
        762 :  550089	2715378	3999903	3441077	
        763 : 1660407	8240841	5515213	    204	
        764 :  204424	4682244	3974319	3349834	
        765 : 7876490	1061020	 795764	1555149	
        766 : 5028559	5169583	6564905	4740262	
        767 : 4651459	3311701	1826146	2292424	
        768 : 6382187	3184218	7050519	6458798	
        769 : 8323675	1101360	7768841	6486204	
        770 : 2984911	7906025	6548981	6650858	
        771 : 5319461	6918358	7947127	 413734	
        772 : 5407003	7120020	7385291	1607694	
        773 : 4528060	 918608	5803904	 276100	
        774 : 6188575	5055635	6997048	2133778	
        775 : 7163126	6666190	4447489	5769172	
        776 : 4366769	6891704	2846727	7755329	
        777 : 5444297	3739425	6145111	3039436	
        778 : 6662743	4946499	4991953	3864168	
        779 : 2898146	4265118	4828129	3348494	
        780 : 1336224	7417145	1570279	8028733	
        781 : 1005017	1056345	 790422	1714329	
        782 : 8249163	5193441	6152442	4158347	
        783 :   68537	7161134	7628093	2088272	
        784 :  676401	 390464	7138918	6619013	
        785 : 4187689	2209720	  29939	1838891	
        786 : 5750938	4837486	6758917	6553914	
        787 : 4515004	3856703	7846698	2303576	
        788 :  732824	3126562	8330462	7428504	
        789 : 7883412	3293871	8260525	7684392	
        790 : 1066167	7722127	3900789	2863430	
        791 :  505795	5904045	5644515	 841124	
        792 : 6263338	7863712	4958091	4946302	
        793 : 8082490	3116151	6374013	3290225	
        794 : 6903760	7158699	3706602	1085529	
        795 : 4635447	6108963	3180488	  93238	
        796 : 7325282	4424182	8359845	1218618	
        797 : 4463349	2249390	1376379	6764786	
        798 : 5989114	1786840	2586051	3929044	
        799 : 8221635	4932651	1195386	 912887	
        800 : 2661683	2305808	5050444	8320288	
        801 : 1321960	1130505	3321905	2055934	
        802 : 5564022	3785033	1622771	 667774	
        803 : 6685679	8330476	7999431	5356577	
        804 :  819535	7990935	6953491	2105537	
        805 : 5337382	2825762	4131223	1505100	
        806 :  726354	5207539	8275363	6212789	
        807 :  367119	7353725	7503416	7712627	
        808 : 4780501	5733873	5890930	8319970	
        809 : 2350037	7590952	1494336	1602715	
        810 : 1846014	 692911	5639029	1649480	
        811 : 3879881	6631360	1153942	8236868	
        812 : 3910953	4178134	1553060	3365204	
        813 : 3327385	7823552	3500133	6464766	
        814 :  461460	2932574	 918601	1442640	
        815 : 6149101	3011167	3480232	 769414	
        816 : 2911778	5978076	7367459	1845662	
        817 : 2128588	7857308	 869804	3245767	
        818 : 7005714	4259669	2254684	1053750	
        819 : 2512358	5623953	7086174	 523274	
        820 : 8026602	7886256	2281290	 366014	
        821 : 2211018	4791606	1374770	7982593	
        822 : 7378467	3612790	6796971	1338243	
        823 : 7480972	3969402	2529422	8068642	
        824 : 7101814	 387266	3972479	7206686	
        825 : 5069700	3123472	2878325	4914381	
        826 : 8177660	3319006	5582676	7454235	
        827 :  313886	4079885	1681964	7846025	
        828 : 7124146	1611682	4839633	6590516	
        829 : 4716625	7623860	2444018	2880462	
        830 : 6754043	6374842	 264368	4739356	
        831 : 4953086	4198686	1285260	4444630	
        832 : 3466809	5634669	1776430	4983876	
        833 : 6770262	 531653	3494083	1894202	
        834 : 5659593	6424422	 848030	  57479	
        835 : 8136194	6546325	 301666	6022645	
        836 : 8199483	6991771	1073832	7195974	
        837 : 2384936	 169010	2492667	2612752	
        838 : 1866981	1908180	6413288	4367415	
        839 : 5766690	7816450	 882400	4138309	
        840 : 2994604	5276413	7463118	1476950	
        841 : 6149146	4688103	7900348	7440296	
        842 : 7995799	 561308	 621868	7031090	
        843 : 6353675	  31120	7811599	5768512	
        844 : 6094651	3699310	2219352	8059796	
        845 :  700032	4922740	4310945	 923997	
        846 : 5560458	3692392	7145727	4263888	
        847 : 3215167	5131159	 523770	7364045	
        848 : 7912249	1416528	3403482	2262585	
        849 :  756184	1842468	4540785	5277637	
        850 : 5568144	5558962	 392773	  77334	
        851 : 3162089	4571626	2936436	4853782	
        852 :  658350	3276095	5628935	3075810	
        853 : 4923470	7699328	 933708	7002182	
        854 : 6051676	1275067	6664636	7245871	
        855 : 3872691	5338219	2068102	4373709	
        856 : 3969149	6901747	1122585	4223142	
        857 :  576955	1125935	7620415	7772402	
        858 : 3291666	5091633	 210864	4623160	
        859 : 2041183	6117300	5260946	2744050	
        860 : 5011595	2776435	5281168	5300050	
        861 : 2137484	2169378	3490282	6445109	
        862 : 7618391	3972679	5407895	4420852	
        863 : 8079026	2401755	8032385	8211881	
        864 : 1556265	4382291	3012424	7064346	
        865 : 3163727	5584701	 535837	1834721	
        866 : 1777438	2371050	4935989	 532473	
        867 : 4046100	5134262	 787812	7975891	
        868 : 6666748	1683047	1233513	2304314	
        869 : 2214702	6101476	8233659	8096716	
        870 : 2576277	6153396	1973732	  69076	
        871 : 4557484	3544501	3716219	1114560	
        872 :  130174	6593250	1014446	7368978	
        873 : 4340487	 989565	4739907	6420626	
        874 : 6397700	 397914	1962183	6681671	
        875 : 7519786	7093622	1018469	6686463	
        876 : 6359555	7483696	7757501	5021644	
        877 : 5093388	7305874	 224738	8214124	
        878 : 7651117	8277578	7012676	5997699	
        879 : 6674341	7090197	6928725	6472251	
        880 :  759731	2192760	1415992	 666099	
        881 : 3633357	8018323	3851496	 407021	
        882 : 2810544	7431967	6389535	3706336	
        883 : 3165133	3356994	2463820	7280539	
        884 : 6189785	2337736	8096542	7889487	
        885 : 3936005	3448169	3758007	 381082	
        886 : 4895892	4619717	 471392	5926786	
        887 : 3672540	1803246	2116397	5427523	
        888 : 3598506	1713949	5847518	4585141	
        889 : 1494661	 857197	7812784	 735602	
        890 : 4714740	4164127	3684491	5837707	
        891 : 4460495	5335409	4501111	8344092	
        892 : 6655536	5118126	3237101	1828802	
        893 : 3459995	1773406	 661936	7166705	
        894 : 6552905	 147356	2117495	 356461	
        895 : 5376883	7985457	3566651	  67024	
        896 : 4855828	3951007	6619247	2323456	
        897 : 1815525	3935767	5217297	8211629	
        898 : 4173860	4928835	2464505	1582226	
        899 :  992379	3203537	3164513	 130312	
        900 : 1049703	6790459	5016618	4673973	
        901 : 4427285	 186356	6786185	 963597	
        902 : 1702194	3626123	  11354	5450804	
        903 : 6210830	8160276	6674450	4845302	
        904 : 5963439	8273224	4662160	7987509	
        905 : 2817644	7523864	1415323	1870865	
        906 : 8356622	5878081	5103686	1870110	
        907 : 5314658	1286765	4409660	3522696	
        908 : 2088856	 466399	1705334	4230714	
        909 : 7010665	5030075	5713324	6565488	
        910 :  661072	2967570	1768446	7126623	
        911 : 1237038	4230253	1942300	1370960	
        912 : 6380812	2992692	5839465	7506576	
        913 : 7730940	1851512	 829981	1829166	
        914 : 7534219	3843758	4965719	7315846	
        915 : 5530225	2839819	1636542	3692144	
        916 : 4848376	2744267	8318431	6291697	
        917 :  967053	3900154	2076782	7448042	
        918 : 6618531	1217375	2619422	6860267	
        919 : 5150185	6700703	6451080	6205932	
        920 : 2887076	7566417	6125608	8221315	
        921 :  502694	3842668	7366401	3229834	
        922 : 1759655	7144573	  74536	6618532	
        923 : 8242881	2792661	5137718	1394751	
        924 : 6383242	 136961	2818822	5696414	
        925 : 1627484	6788796	4127623	1413245	
        926 :  675040	 602351	2310182	5028483	
        927 : 2392204	3015909	 486999	1179680	
        928 : 6567772	4887776	8168527	5571222	
        929 : 6455449	3112328	1418517	8284806	
        930 : 2377924	6217765	4426659	4320547	
        931 : 5775148	3788095	7979433	1245768	
        932 :  140563	1120088	7708824	5166559	
        933 : 1729833	1500334	6293456	5949177	
        934 : 2525012	6710316	  75289	1302740	
        935 : 4579660	7369608	2517859	6853810	
        936 : 2113892	8064669	7178060	4768579	
        937 : 1278878	6705686	1780344	7568015	
        938 : 6926593	5151902	4013228	 611876	
        939 : 3781199	2887739	3790664	5912902	
        940 : 3009418	6952422	4319044	3193505	
        941 : 3222702	2515151	4631139	   7265	
        942 : 6709319	4122913	  20534	1584567	
        943 : 2180309	4690031	4750676	4579950	
        944 : 6440126	2416015	3470594	2442779	
        945 : 2626743	5769869	2625983	5552358	
        946 : 8108572	7322061	6188753	2104162	
        947 : 7696473	5960407	3521036	1740658	
        948 : 3103899	 267920	3342161	5200784	
        949 : 1362146	8277483	1548732	5737614	
        950 : 7567580	3174424	4920188	4959476	
        951 :    2743	4380276	8344369	7970850	
        952 : 6200459	3375656	1957401	2112515	
        953 : 1409021	3891418	3900510	4406440	
        954 : 5978314	2169007	4784001	1504491	
        955 : 3517327	2935818	6338125	7814523	
        956 : 7546656	7237671	4705891	8115288	
        957 :  342804	5756966	4255622	  64712	
        958 : 2236248	3582406	3324831	 456881	
        959 : 2481379	4442401	3666537	1988483	
        960 : 6176131	6392396	2280925	8131832	
        961 :  866161	5487067	1046713	8048765	
        962 : 7404163	5271470	4223373	2000566	
        963 : 5541641	5102180	4563888	2855704	
        964 : 6424247	6304495	6487069	5557370	
        965 : 2256647	6221481	6820593	2573535	
        966 : 1240810	1635363	6616651	7790446	
        967 : 7174044	3588369	7780177	6995732	
        968 : 4509650	8333914	6140687	2396192	
        969 :  168787	 604332	3612706	6159975	
        970 : 4782007	 714404	2674017	6434138	
        971 : 5614492	6872086	6487334	7418803	
        972 : 5036065	2423991	5537181	4737714	
        973 : 5954286	 215952	1883381	5858132	
        974 :  533355	 307390	6106192	 265931	
        975 : 4774045	4316397	1622377	2697849	
        976 :  215318	4076125	 958327	 428498	
        977 : 2490265	 498412	1115504	4173294	
        978 : 5713074	 441054	7478879	3779316	
        979 : 6625018	4369975	5273581	5747163	
        980 :  209864	4976379	6248198	2591222	
        981 : 7916840	 728139	7224006	2708668	
        982 : 5259058	 575247	8361675	3657537	
        983 :  527007	6041352	7805405	6893413	
        984 : 5972491	4480568	5177314	4785822	
        985 : 5411992	7400363	4075975	2709342	
        986 : 8183300	3902524	 586037	5475024	
        987 : 3990931	2107898	6634109	1072002	
        988 : 6743887	7438202	2681780	3831848	
        989 : 3067231	4419037	6389570	7504168	
        990 : 4372458	8137114	3641375	8127633	
        991 : 6151541	7959975	3486218	2226326	
        992 : 5913352	 602953	2630711	6616133	
        993 : 5841189	 546021	5814937	3104007	
        994 : 2027959	7730901	1845763	8171809	
        995 : 2570523	7730905	5621756	6145212	
        996 : 5380876	7188339	3954669	7609937	
        997 : 4183637	4248955	6782436	8353534	
        998 : 6993095	2916879	8021852	6109968	
        999 : 3448920	6867468	5777401	7076608	
       1000 : 1268678	2227634	1358095	 465532	
       1001 : 4029875	4427781	1020610	1949942	
       1002 : 1897004	2223541	5096734	 188880	
       1003 : 1901676	5070508	3230734	3628973	
       1004 : 6842600	 633086	 107873	8284313	
       1005 : 5638266	2262418	3399576	 852764	
       1006 : 3952701	3129915	6921756	 947070	
       1007 : 4258731	4799985	1547994	1015609	
       1008 : 5860611	4064544	7577119	 537332	
       1009 :   56484	3541571	7257456	8041513	
       1010 : 6799860	2412043	2797055	3215110	
       1011 : 7845848	2571804	4186831	4508477	
       1012 : 4548589	5013229	6574809	1816471	
       1013 : 6352773	 125867	6250524	8103971	
       1014 : 5346208	4141844	5490963	1846273	
       1015 : 2146374	3141038	 136192	7331569	
       1016 : 7095014	2804163	 213460	3360367	
       1017 :  274555	3630440	7870023	2034125	
       1018 : 4310967	3727758	 386132	7731954	
       1019 : 2781853	  17103	8247172	2562329	
       1020 : 3350684	5410453	3676043	  55156	
       1021 : 5062416	 239118	6317461	4015903	
       1022 : 3987595	7178370	1236862	5697851	
       1023 : 2846123	7881157	4337130	 708077	
       1024 : 6173561	1126767	7198593	1722341	
       1025 : 5290005	1701462	7187264	6369303	
       1026 : 7983353	1153722	 275724	4661720	
       1027 : 1656281	6974350	6764542	1482088	
       1028 :  771879	6281021	7087642	3068156	
       1029 : 2676165	2657549	2438982	2932260	
       1030 : 4687739	3444180	1503935	6155313	
       1031 : 5880807	1349078	 519080	4649746	
       1032 : 1028788	6130094	4084820	8025527	
       1033 :  584724	7883778	 416279	7219137	
       1034 :  874085	7892328	1903519	2993173	
       1035 : 2318062	5566689	2666607	7813606	
       1036 : 1143700	6067001	5074874	2669668	
       1037 : 6701612	7217256	3727248	8038104	
       1038 : 2726247	3197581	1999760	5857302	
       1039 : 3713574	6037845	2353756	2006093	
       1040 : 4567356	7703199	1300979	5709279	
       1041 :  917286	1770752	4788271	8170377	
       1042 : 6549829	7770255	2431675	7192266	
       1043 : 3578950	1216767	7729492	4541312	
       1044 :   88061	1160282	7919890	6637610	
       1045 : 4617087	3548304	 465031	6843420	
       1046 : 2082052	7384142	2201886	4519323	
       1047 : 8168809	5768182	7264544	5369980	
       1048 :   20688	1962764	5075271	3887907	
       1049 : 6375746	5312711	6441535	1825642	
       1050 : 3250517	7554551	4916526	2588535	
       1051 : 4233568	5665841	2683531	1163667	
       1052 : 4233723	1144741	7049574	1220391	
       1053 : 2223722	2347874	1076279	2383983	
       1054 : 6590487	5814455	8217380	7591343	
       1055 :  420232	2506191	   8679	3097242	
       1056 : 2225899	8133555	1464137	6221621	
       1057 : 7856551	 124436	7985149	 609203	
       1058 :  273109	4690728	7778406	3242143	
       1059 : 4682584	 354984	1376371	4457376	
       1060 : 5883101	8143410	4410975	4696468	
       1061 : 5770046	2493099	7334614	2125195	
       1062 : 2183446	6956810	 245309	4788152	
       1063 :  150919	5411769	7704562	1080750	
       1064 :  897146	4281577	7999744	  51326	
       1065 :  985369	5345681	6444398	4841205	
       1066 : 6383103	6332551	2579949	6628200	
       1067 :  512930	7084581	3362622	2250032	
       1068 :  523926	2332056	3433917	6828923	
       1069 : 7520508	5870928	1985587	7312108	
       1070 : 2847650	5744729	4730905	6947721	
       1071 : 1599163	2208373	3814382	3811976	
       1072 : 1491745	6714267	2132598	1125528	
       1073 : 6289423	 808677	2274355	8376842	
       1074 : 4975411	4108227	8325042	2576910	
       1075 : 3536509	5862394	7423724	 257367	
       1076 : 3913472	7601096	 675542	4752300	
       1077 : 6265292	1268308	5674028	6470685	
       1078 : 7032954	 914656	6449293	5539802	
       1079 : 4056267	5431258	5187693	6505963	
       1080 :   50005	7358722	5429375	3947675	
       1081 : 3151957	5966927	 734733	2707580	
       1082 : 7935825	1792559	7039755	 889446	
       1083 : 6898507	1318484	2979389	1644844	
       1084 : 2623959	3882215	3784320	 845012	
       1085 : 5289394	3490596	1283213	3334824	
       1086 : 2087272	 980122	4878060	2411837	
       1087 : 5373494	6018979	4806457	4559780	
       1088 : 1077735	3053024	4136880	6720844	
       1089 : 6125508	6464013	5651722	2979083	
       1090 :     182	3402463	6947108	2814632	
       1091 : 2286389	2224492	1543130	3769730	
       1092 :   20433	1295224	7515956	4891288	
       1093 : 2994995	5139254	5829268	4691011	
       1094 : 1802879	4616008	4796835	3923865	
       1095 : 5170086	1972361	7327874	1571287	
       1096 :  366019	4051873	2002647	5330963	
       1097 : 2251124	7949069	6463825	2207956	
       1098 : 2076360	4012111	7842760	3236029	
       1099 : 7953494	 740611	1124826	3247585	
       1100 : 3578060	6914604	4193854	7444053	
       1101 : 2051440	5074201	7597113	3320979	
       1102 : 6970736	6376962	7049849	 918420	
       1103 : 1461349	2595206	1346352	5794312	
       1104 : 4224371	1028202	1599868	4228137	
       1105 : 6422677	7900342	2267558	 544218	
       1106 : 4502871	4863014	4412733	4258193	
       1107 : 5315709	7318797	4672334	2107122	
       1108 : 2242119	5166449	7926229	6052381	
       1109 : 7280526	 889406	 801004	 394544	
       1110 : 1063354	6020778	1655870	3265789	
       1111 : 4494194	 831966	4573054	4394339	
       1112 : 7483460	7879775	4597897	6217565	
       1113 : 6694547	3266056	6697393	4766228	
       1114 : 2652713	5801641	5293493	5122030	
       1115 :  744733	 941339	2601206	3426824	
       1116 : 2374698	6219198	3171937	6237156	
       1117 : 4614857	4860386	2043174	6709665	
       1118 : 3778796	4618693	2865216	5098515	
       1119 : 8175818	 799187	5809362	2701985	
       1120 : 5823205	1410572	 614186	2491704	
       1121 : 7752909	3938971	4039151	4118694	
       1122 : 5018528	2510031	6111964	4125846	
       1123 : 4670991	6096052	7245112	5326023	
       1124 : 5269855	4889857	8185579	 345485	
       1125 : 3966744	4688221	 215760	4390536	
       1126 : 4848914	7470478	8077723	1263914	
       1127 : 6280288	5180625	3217255	  20227	
       1128 : 4701234	1963950	4011290	3187281	
       1129 : 2218414	2508468	7606655	2005321	
       1130 : 1822615	  92672	 856467	8341511	
       1131 : 3941928	7631201	8179988	 265329	
       1132 : 6914613	1295844	3922690	7801271	
       1133 : 5994515	6441547	4607644	6063339	
       1134 : 2782235	 787473	5634842	2476883	
       1135 : 1400454	5269273	5353842	 161983	
       1136 : 7062423	7790462	 278888	4032591	
       1137 : 4607280	 273662	1766999	1506100	
       1138 : 7054735	2916921	4336278	3284536	
       1139 : 4697367	4384503	2443054	7155331	
       1140 : 6486278	2688706	1333981	 690494	
       1141 : 7503375	2639317	5060267	3454309	
       1142 : 7206393	1504214	 101877	3143533	
       1143 : 4517758	1965000	8081397	 375116	
       1144 : 5297872	5986961	1288515	6518413	
       1145 : 2300433	2668879	3957645	4492495	
       1146 : 6287932	4965567	7354260	3260192	
       1147 : 1382183	3603674	3353416	8288776	
       1148 : 8193037	7781833	3484996	5529822	
       1149 : 6923708	5360625	6130811	8322933	
       1150 : 1987561	8165401	7669149	3646413	
       1151 : 1402091	5353684	 254600	6770719	
       1152 : 6749541	6803267	4442583	4367411	
       1153 : 2985491	7026448	7555092	 242849	
       1154 : 5466692	1802908	6281953	6002059	
       1155 : 3935227	4449451	2211299	4890824	
       1156 : 6543493	1893459	1040917	3452708	
       1157 : 5122368	7265973	 723833	3600190	
       1158 : 6091625	2321527	7151353	 541273	
       1159 : 5175276	5941157	3679175	2489191	
       1160 : 6963610	1139110	7179986	2949628	
       1161 : 6862542	6788813	1037703	7878778	
       1162 : 3693748	1372122	8012182	4909990	
       1163 : 4393440	 571695	6111593	5265387	
       1164 :  279218	2961141	7681563	5362615	
       1165 : 4154576	4014232	7621085	5776365	
       1166 : 2835461	1026657	6881619	1942426	
       1167 : 3708945	6914087	8186664	 785625	
       1168 : 4540548	5265655	3776497	1840665	
       1169 :  911317	3941490	3590699	 458861	
       1170 : 8197881	5111486	4713478	1864475	
       1171 : 1633910	5023326	 781258	4914957	
       1172 : 6363567	3817204	5478160	1203677	
       1173 : 1462915	6998134	2714796	3821370	
       1174 : 4126027	1038510	2305501	5409900	
       1175 : 2402875	5064132	7553304	3838831	
       1176 : 6767834	7284271	 133999	7292239	
       1177 : 1467885	5576190	5863474	7775558	
       1178 : 8142268	 822692	2104089	3730123	
       1179 : 6789061	1882958	6748468	5861126	
       1180 : 6642857	2835300	4320011	3435718	
       1181 : 4116104	7794474	 777775	2040806	
       1182 : 5606383	2456155	2841168	 887832	
       1183 : 7805450	8001877	2127687	7284708	
       1184 :  207516	3899265	2987087	5548651	
       1185 : 3067015	6740889	7157548	3194350	
       1186 : 4732623	 876416	3379560	5023233	
       1187 : 5948368	5023923	3589232	6771591	
       1188 : 4507189	6699823	4399924	2815808	
       1189 : 2431335	4400841	5948688	2203550	
       1190 :   96377	5748356	3713332	5702406	
       1191 : 7762278	 772401	3088838	5073454	
       1192 : 8061963	4716165	 166761	6059651	
       1193 : 4801108	6968069	3575693	 521792	
       1194 :  188722	7860918	1826879	2963222	
       1195 : 4174250	8032918	 280359	1674450	
       1196 : 5514650	3473290	5687026	4605781	
       1197 : 6851400	5704837	5247258	2391158	
       1198 : 8299694	 328375	7408758	5482554	
       1199 : 6904246	 435481	1956438	2470238	
       1200 : 1752430	6273379	6254030	7107984	
       1201 : 5080602	6288237	7254845	2347522	
       1202 : 5079558	7906401	5546573	6685929	
       1203 : 6020146	 683788	1792091	2873897	
       1204 : 3532360	1062727	5408767	3157741	
       1205 : 3600598	7509103	 328898	3690602	
       1206 : 6384072	7463540	8048536	  72375	
       1207 : 6270579	4794099	2809265	2402788	
       1208 : 4101263	1745207	2640909	3256512	
       1209 : 7005407	4215981	1573691	1984152	
       1210 : 2511592	3001159	5212123	7493881	
       1211 : 3806741	1242568	6467226	 451349	
       1212 : 8164311	4185830	7349775	7426464	
       1213 : 2886228	5716039	7945837	1209676	
       1214 : 5450715	7133703	3990112	4788231	
       1215 : 1090704	6743618	6000883	6307666	
       1216 : 7025124	4896573	5412784	7911429	
       1217 :   13598	7990769	3964134	4283713	
       1218 : 5652511	2754729	6837520	5532768	
       1219 : 4618580	2617936	2870584	7083960	
       1220 : 1767814	 393106	5340561	1786266	
       1221 : 1792651	4494005	2462085	2019204	
       1222 : 2601308	2833009	7860395	6025551	
       1223 : 6967394	7229480	5369322	2920398	
       1224 : 2485593	1526766	4746679	7617986	
       1225 : 7383604	6848178	  47343	2610823	
       1226 : 3375859	4049051	2758298	3307260	
       1227 : 5527340	1263964	7690299	3639821	
       1228 : 6090293	 451845	4742712	7489046	
       1229 :  374343	6297358	3236201	3660416	
       1230 : 4113350	4476940	3325808	5652439	
       1231 : 7249202	7200794	 751047	8348665	
       1232 : 7873429	4131084	6963381	3847661	
       1233 : 6212437	2440565	 323124	7328863	
       1234 : 5390744	7842032	 520802	6515196	
       1235 : 7799201	1632306	2753680	7108804	
       1236 : 1715768	2745373	 676591	6356519	
       1237 :  942957	1065996	2953217	7613374	
       1238 : 6485441	7517940	3531917	 859742	
       1239 : 7987686	2828131	5550281	3030897	
       1240 : 2010993	6288817	2317126	1725469	
       1241 : 6963544	2400893	1504329	6021065	
       1242 : 6297070	1886497	5160838	1745287	
       1243 : 4032849	 740837	6988677	7782376	
       1244 : 5271150	7857306	 356002	3007140	
       1245 :  589866	1592049	7980675	 872520	
       1246 :  686889	5685096	7637331	2040891	
       1247 : 4232091	  23416	6276296	2425986	
       1248 : 6343488	1914426	3934431	6415751	
       1249 : 1650752	7268127	5308959	 622253	
       1250 : 6861202	6450581	7042750	  26485	
       1251 : 5661078	5090893	4519262	5362861	
       1252 : 8139688	8160871	1974920	3845777	
       1253 : 2200306	1680852	2578385	6076195	
       1254 : 1823757	3304073	 218557	4592768	
       1255 : 5822841	2450696	4191974	5347156	
       1256 : 7091409	3322189	 730208	 293662	
       1257 : 2526144	5476108	 186321	2031923	
       1258 : 6943088	8130841	7449531	6723477	
       1259 : 1407403	4650105	7872918	4790025	
       1260 : 7915135	8227085	7066393	2912719	
       1261 : 1798556	8328859	6870600	6003044	
       1262 : 1130189	3447450	3096402	6697802	
       1263 : 2675341	2791528	4593743	3342933	
       1264 : 6600987	5918142	7258824	3264177	
       1265 : 3560784	6277644	5350198	7129205	
       1266 : 7019143	1429313	3910753	5854745	
       1267 : 3096806	2477242	7603866	3278876	
       1268 : 2802451	4617725	 344661	2028706	
       1269 : 4015366	2275875	4941038	6647545	
       1270 : 7289941	2301166	1232655	4039912	
       1271 : 4321886	4890163	 226585	7463541	
       1272 : 4136187	2929040	1462303	4886371	
       1273 : 6312614	 910778	4734146	6222483	
       1274 : 3407078	5325746	5492011	7864880	
       1275 : 6260668	7835681	8358517	 530945	
       1276 : 8012580	 641627	6326603	8021273	
       1277 :  186152	2452572	3961628	3380885	
       1278 : 7026829	2123450	5166356	 863907	
       1279 : 4280091	5244170	3857641	6251201	
       1280 : 2894221	3759434	5595694	3828251	
       1281 : 4522876	3185316	5989258	7825104	
       1282 : 5081346	 196383	7295328	1204555	
       1283 : 4587309	4913481	3675425	8223321	
       1284 : 4768744	6449076	2221740	3665954	
       1285 : 4891974	3275678	3315012	7399267	
       1286 : 2307475	1252540	4394071	5299738	
       1287 :  735521	4062959	1119599	 266711	
       1288 :  715679	1268641	8122657	6916636	
       1289 : 8220361	2600963	4684203	5776970	
       1290 : 1465590	4887967	3890291	1231449	
       1291 : 7669996	2466952	1610836	8217736	
       1292 : 7906649	4219542	1759263	1168013	
       1293 : 6635048	 569835	2198013	2796834	
       1294 : 6430919	 275464	6759881	5410670	
       1295 : 2433357	2713564	3038404	  52508	
       1296 : 5580411	 302068	6443117	6496736	
       1297 : 3221469	6497319	2475535	 778355	
       1298 : 6706098	1728345	2195057	5577710	
       1299 : 2467779	6251249	4624630	7534182	
       1300 : 5557838	6592225	1924066	5928687	
       1301 : 6838412	6517115	5069518	6120728	
       1302 : 5786534	3669938	7190673	6846056	
       1303 : 7659206	6696729	1897654	7511737	
       1304 : 4204013	3172014	4679272	7379637	
       1305 :  481808	4331143	4837084	3007923	
       1306 : 7740090	6279043	2200579	3435642	
       1307 : 1630195	5808239	7678366	8181715	
       1308 : 3567820	6503965	 114143	2073190	
       1309 :  524050	3386584	5634190	4507449	
       1310 : 4479111	1102556	 426795	4212582	
       1311 : 1273638	2147463	5550214	2000852	
       1312 : 3790576	6888064	1133551	2068864	
       1313 : 6691812	6421154	1930667	1941004	
       1314 : 3925727	5843488	2856628	3246062	
       1315 : 6155913	5702673	3424866	1168250	
       1316 : 3149011	2362708	4910131	6545914	
       1317 :  397205	5529491	2373416	2405764	
       1318 : 2906531	 993350	1319266	1347500	
       1319 : 7517383	 707803	6401980	4030791	
       1320 : 1136277	7937899	5895837	1817758	
       1321 : 4781600	7597392	7540992	 393080	
       1322 : 7451237	7790804	5031224	3282914	
       1323 :   83013	8343945	3251043	3807948	
       1324 : 6556233	3668505	7105937	 568936	
       1325 : 2006471	4564255	7001708	7895833	
       1326 :  982204	3011430	2672832	1691717	
       1327 : 2881740	 120177	3356299	8145984	
       1328 : 4052392	4484990	1783656	5387934	
       1329 : 6274576	 777457	4478700	3870510	
       1330 : 2388687	6813448	1306613	1774134	
       1331 : 7843617	7222879	6701904	6378366	
       1332 : 2742622	6997188	6256206	 434790	
       1333 : 5992210	7855840	2219887	7447456	
       1334 : 4629713	7212888	6787010	7112479	
       1335 : 7727786	8212722	2537465	7492264	
       1336 :  454123	4459382	1647880	4057902	
       1337 : 4807391	3562309	4490034	6525609	
       1338 : 1768276	7196073	1456671	2047809	
       1339 : 5384064	7817059	4844587	7986206	
       1340 : 7210560	3376343	3627456	5674200	
       1341 : 5590300	4157040	7083522	4668271	
       1342 : 2641468	5350531	5857373	7301733	
       1343 : 1414270	 873563	2045829	7051004	
       1344 : 1367748	7749589	6099049	6520926	
       1345 : 1598468	6371595	4641574	5652992	
       1346 : 3388103	2765150	6940265	1060100	
       1347 : 3116895	7993494	5184495	6403308	
       1348 : 4589873	1622224	3666837	4369519	
       1349 : 3938300	1797920	6450285	2965322	
       1350 : 8296535	8094770	6204770	4049989	
       1351 : 3064667	1744435	4134502	1007653	
       1352 : 4812520	2072347	1781040	6534633	
       1353 : 4856079	6075780	8006450	7371297	
       1354 : 4274332	2842163	2933794	3679103	
       1355 : 1172716	3830673	1890396	5366049	
       1356 :  165838	4208401	3281534	 450499	
       1357 : 6829074	2758689	5833978	1641864	
       1358 : 5514603	4404163	3509287	3284746	
       1359 : 6566447	3369606	3169059	4052787	
       1360 : 6382778	1144681	1389477	3232968	
       1361 : 2356169	6172968	6346215	7233108	
       1362 : 1682759	5626952	2826853	2106714	
       1363 : 5632175	4425026	8065812	2629045	
       1364 : 5824600	3455162	5545872	4778116	
       1365 : 4643565	8346934	 232424	3002205	
       1366 :  762273	1924306	5685046	6085293	
       1367 : 4111915	6429651	7467834	2759093	
       1368 : 5379956	2262485	3138172	7386250	
       1369 : 3568393	8106055	 672540	5115550	
       1370 : 8053171	3996389	4262146	 694951	
       1371 :  339538	5797198	2095481	8095856	
       1372 : 7894625	4806013	7551947	7458380	
       1373 : 3160473	7103257	1039694	6268321	
       1374 : 5169179	4615321	2203370	3044133	
       1375 : 6500887	4908997	5838278	 568312	
       1376 :  729354	1917242	7886566	2327074	
       1377 : 6463415	3230353	3033368	6174386	
       1378 : 5978476	1550902	2971834	6131411	
       1379 :   69568	1578375	3425239	4305592	
       1380 : 3601154	3479308	 170047	1534943	
       1381 : 4185360	 501033	3263870	2312080	
       1382 : 5871479	2637026	 556936	3101256	
       1383 :  964301	 399413	 499295	5724502	
       1384 : 7690518	1766199	7252038	 600895	
       1385 : 5881811	1774094	 880133	7257704	
       1386 :  272023	7604736	7770314	3035491	
       1387 : 6015336	3997682	7004745	3671120	
       1388 : 7630963	2272820	4907016	7059452	
       1389 : 6397955	2419012	2711916	5389869	
       1390 : 4258650	3513554	6260337	6697058	
       1391 : 8366774	4688062	6749716	4529492	
       1392 : 7815422	6759804	5231506	2399130	
       1393 : 2582952	6644004	6857370	1029846	
       1394 : 8364228	6660104	5466310	8155413	
       1395 :  156695	2541150	 403199	5646261	
       1396 : 5486269	 392031	1174584	6761715	
       1397 : 1657856	3094730	2551469	7365755	
       1398 : 2181759	 313178	4849374	7860697	
       1399 : 7667098	3916232	3712385	 206844	
       1400 : 1938359	1742483	6207264	5547549	
       1401 : 7719203	7028016	2666237	3127918	
       1402 : 1226601	2996113	1114109	7904566	
       1403 : 7995884	2396783	7336760	7496682	
       1404 : 3253079	1192382	4104946	4321532	
       1405 : 1192072	5269970	1901990	2559649	
       1406 :  411307	3100713	6555536	5344499	
       1407 : 5085315	3405218	3516162	4517369	
       1408 :  365016	3983902	5520090	5847374	
       1409 : 5278757	 217830	2317472	6972223	
       1410 : 8366974	7608414	7556498	7568163	
       1411 :  366188	3177510	7968822	7937269	
       1412 : 2838132	2453176	6726509	7667078	
       1413 : 8229275	1190852	 417548	6894437	
       1414 : 1511209	 590407	3588001	1959589	
       1415 : 1484657	 927371	8135213	1070351	
       1416 : 1707119	4549805	7282173	3215460	
       1417 : 7318031	4425985	 139226	3426126	
       1418 : 7824144	 866829	8071904	2787339	
       1419 : 2468147	2219329	8296906	2404724	
       1420 : 1352259	4819697	 293623	2339509	
       1421 :  245292	3422650	6682541	5966668	
       1422 : 1285377	8070995	4521069	5302136	
       1423 : 3802525	6289377	4072434	1326055	
       1424 : 7226418	5207514	5372720	3620377	
       1425 : 3766980	5749756	1193316	6680851	
       1426 : 7439500	7387904	4360612	5059496	
       1427 : 1937484	2320662	1046925	4258589	
       1428 : 5051228	6371147	4548478	2904515	
       1429 : 8054826	7222583	7945085	7129970	
       1430 : 8161220	 353354	 518671	7080305	
       1431 : 5215719	5964353	7465774	5286137	
       1432 : 6494045	4582765	2494163	4590256	
       1433 : 2044867	1783375	1589316	1944478	
       1434 :   16414	3941938	3662833	8223283	
       1435 : 4278065	3777580	4196488	7700218	
       1436 : 8236490	1685116	7376176	3494672	
       1437 : 5142356	3779787	2675249	6867856	
       1438 : 6924002	1072413	7034410	1876849	
       1439 : 3692866	6673909	2055673	5950042	
       1440 : 6085175	5857510	 411658	6256878	
       1441 : 3991629	1442437	5973952	 305716	
       1442 : 1462698	 985830	8171180	6204305	
       1443 : 1518061	8019008	 808312	6992116	
       1444 :  131508	3980264	4492761	4060737	
       1445 : 8075442	4149135	2064575	3396969	
       1446 : 2448382	1312954	 547715	5261478	
       1447 : 5226457	7134647	6411065	7634864	
       1448 : 2334816	7045851	5055425	4535024	
       1449 : 8225405	4520841	6370934	4086568	
       1450 : 5682873	5043054	3230384	6602571	
       1451 :  937917	5722018	6077421	 145280	
       1452 : 4351924	6185015	2538731	3897135	
       1453 : 8243614	4301667	6229882	7597731	
       1454 : 5992506	5218807	2754218	3539146	
       1455 : 3489019	3638272	7958298	1486347	
       1456 : 7271288	 653838	4501172	3155790	
       1457 :  645239	7420318	  50328	1042079	
       1458 : 7656164	6434603	 465624	4145562	
       1459 : 6642657	2646090	7196578	2071455	
       1460 : 7726444	4130673	2985076	4115897	
       1461 : 2132874	6016162	7465182	1652903	
       1462 : 7896352	2263856	1718483	7659101	
       1463 : 7580016	1199294	6193071	6595084	
       1464 : 1644420	2550636	6116613	2814131	
       1465 : 1172792	4545144	8064246	2281965	
       1466 : 6216569	2300878	2064183	7414578	
       1467 : 2250398	2202550	2088288	5012041	
       1468 : 3935025	1710205	4785937	5191469	
       1469 : 4089338	7452197	4544403	5427846	
       1470 : 1856944	4573950	3546021	7495696	
       1471 : 5969916	5690263	5791053	2041334	
       1472 : 4290630	3828803	7196835	1244983	
       1473 : 2789501	1835774	4072426	1185709	
       1474 : 6015157	4772239	1724196	6775749	
       1475 : 7354194	6901329	3862580	4018417	
       1476 : 3955464	7397857	2062337	 955484	
       1477 : 8051723	   5723	3315111	6873143	
       1478 : 4849369	4132696	6196541	5567306	
       1479 :  151718	5567250	7251380	5031410	
       1480 : 7781168	1531295	8016969	6755331	
       1481 : 5123099	1824569	1230352	2709857	
       1482 : 5363030	8183878	4469145	7481003	
       1483 : 7281334	8329947	2158663	7519246	
       1484 : 4703895	 145568	3370534	7062307	
       1485 : 3173225	5956862	2661393	2520810	
       1486 : 6289666	5162598	2427183	3097291	
       1487 : 6246986	2929551	2113144	 283285	
       1488 : 4565688	7459217	5175550	7260253	
       1489 : 3900260	7524075	1358692	3016605	
       1490 : 1827058	1093812	2012945	7803415	
       1491 : 1199880	2689631	 201261	6067075	
       1492 : 2238046	2430501	 354889	2479603	
       1493 : 7674387	5559109	3324291	5297388	
       1494 : 1698131	7038529	 103021	5744145	
       1495 : 4852124	5926119	8040701	1216985	
       1496 : 4738709	 209604	6710346	 360283	
       1497 : 1536537	 174649	8027435	4238510	
       1498 : 3073974	2086601	1887412	1670215	
       1499 : 5964867	6607666	4415623	5098923	
       1500 : 8286213	2361520	 138304	5872000	
       1501 : 5356772	1893442	1772966	1913154	
       1502 : 6330699	2810638	7468691	4787279	
       1503 : 5928280	 754389	 482557	3833761	
       1504 : 4501957	 152106	4442450	2457662	
       1505 : 5805427	5642457	8330644	 192668	
       1506 : 5690207	4146123	6815099	7774216	
       1507 :  501391	6339343	4033669	2735500	
       1508 : 2198842	7286487	2483388	5830718	
       1509 : 5818519	1554497	7996602	8174322	
       1510 : 6352757	4999613	7638955	5780919	
       1511 : 1591566	 239348	7823335	1644161	
       1512 : 6317069	5577834	4322130	5566330	
       1513 : 5739069	4412123	7508179	4011432	
       1514 :  379515	3511050	2924620	 280346	
       1515 : 5610990	7162544	3355121	4564615	
       1516 : 6328397	  87980	4594280	7374692	
       1517 : 7279238	  21454	6593456	3015085	
       1518 : 5421161	3001865	2787184	2923495	
       1519 : 4755826	6144416	1293779	5626479	
       1520 : 3976521	3126866	3597878	2875520	
       1521 : 2204918	5960323	2347999	6051583	
       1522 : 5292349	8122844	5795217	 716858	
       1523 : 3421272	6845998	2724387	6862618	
       1524 : 2624078	3433409	8342629	3975981	
       1525 : 2359863	2165132	2832610	1628663	
       1526 : 7144464	5371492	1511352	 430195	
       1527 : 5066159	 312268	7701480	5902579	
       1528 : 3922570	3567428	4815863	 952501	
       1529 : 7818639	6226015	4358620	4071431	
       1530 :  780580	1758123	5633177	5469083	
       1531 : 1676597	7946088	5317946	7348780	
       1532 : 5198951	1927969	6151653	7633286	
       1533 : 4122330	8032089	7238645	4021606	
       1534 : 7522418	1128204	3492055	1750111	
       1535 : 6099823	1699806	3776742	2155095	
       1536 : 5291110	1418509	6726153	6592369	
       1537 : 3911020	2673574	3286509	2834542	
       1538 : 6776530	7989921	6035859	7929801	
       1539 : 4767276	7917785	1188750	8364996	
       1540 : 5058874	3055606	6868618	 304959	
       1541 : 7484098	6630986	5922275	4259273	
       1542 : 1158498	 487090	8328737	6402560	
       1543 : 5079340	7415865	6091804	4072541	
       1544 : 2331953	7069414	3674166	1879432	
       1545 : 7826521	1136251	1264549	4504366	
       1546 : 5630102	1508708	 773794	3154252	
       1547 : 5373811	5838134	6327387	6605297	
       1548 :  875240	3316945	  92571	2541581	
       1549 : 3015670	7402693	3394129	5715841	
       1550 : 8099534	2967386	2464416	2438734	
       1551 : 6227604	 455836	3332992	6201628	
       1552 : 6881037	7626437	5472974	8264485	
       1553 : 5528592	4392115	3927167	6785127	
       1554 :  795783	8373460	3622597	2912128	
       1555 : 7787698	 748597	7016442	2162954	
       1556 : 3294629	7002954	6758888	1110374	
       1557 : 5864352	4412404	2869649	8183359	
       1558 : 6413827	 138839	3930270	5722686	
       1559 : 2779038	7414262	7083059	5332797	
       1560 : 5629333	3764955	6308393	2053281	
       1561 : 1269466	1629782	6113083	4290120	
       1562 : 1978522	5834428	 949711	1595662	
       1563 : 6616297	 356256	6418080	6451200	
       1564 : 6168594	7665222	2708277	1162417	
       1565 : 6988238	5196199	7237688	5624469	
       1566 : 4392230	5051362	3511494	3277540	
       1567 : 2872236	2705309	7183073	5236768	
       1568 : 3782113	 487960	2833516	6682406	
       1569 : 4476917	3396541	7490558	7967350	
       1570 : 6605747	3622148	4676835	 662753	
       1571 :  741315	7643638	1150156	7003151	
       1572 : 6387658	3083850	 727037	5420206	
       1573 : 7190574	6971945	 886341	 396199	
       1574 : 1590543	 197668	5625819	2431296	
       1575 : 8159715	7492568	2048999	7491706	
       1576 : 4350850	6917709	5175695	4387504	
       1577 :  596102	4120471	 931951	7597194	
       1578 : 2898863	8235806	4065757	2020905	
       1579 :  496957	5037802	2183890	7969116	
       1580 : 7690896	6542919	5543014	2851721	
       1581 :  542298	4270996	7054443	6981075	
       1582 : 2445940	3626363	2084924	6535905	
       1583 : 3299009	7037101	6768930	3231854	
       1584 : 6828619	3299415	8341980	1692492	
       1585 : 2186940	 315399	2692384	7609423	
       1586 : 6407094	3134560	7496669	2506785	
       1587 : 1415159	4752460	 282909	4032645	
       1588 : 1397680	2927422	5479749	4719964	
       1589 : 4731806	 466273	3688650	7699297	
       1590 : 5630247	7753807	3675171	1693430	
       1591 : 3274447	5292498	3777412	2257055	
       1592 : 7257868	8323064	3943671	4402606	
       1593 :  294856	7389958	5111706	7500005	
       1594 : 4664129	7776282	5342703	6882740	
       1595 : 3036882	1342122	5718100	5554504	
       1596 : 5413944	7786124	2318616	4545741	
       1597 : 1098883	3877144	6058902	1899680	
       1598 :  869767	3943609	 970367	1088016	
       1599 : 1542188	2167503	 990961	2660824	
       1600 : 7682621	8156046	4384865	6601431	
       1601 :  732848	2575705	 495766	3026110	
       1602 :  827237	7517854	3217223	6011192	
       1603 : 7041726	8376208	3627466	3145458	
       1604 : 3065873	2696196	5066029	4163610	
       1605 : 4605913	5144785	1996077	4747624	
       1606 : 7733310	 357184	3474772	7435187	
       1607 :   26709	5813690	7000776	2118154	
       1608 : 6504866	2299025	2332092	6635279	
       1609 : 1904541	5600060	2024222	5666145	
       1610 : 2629535	4889143	4372369	 336418	
       1611 : 7910580	 170835	4677486	 763846	
       1612 : 7318586	3696775	  80670	3790900	
       1613 : 5507292	6247386	7393429	5232779	
       1614 : 3708791	7753232	4745304	3933768	
       1615 : 7957997	8362815	3881068	4862700	
       1616 : 6348948	1578996	5450547	4894571	
       1617 : 6964515	5392584	6971499	4711486	
       1618 : 3383508	5720110	1806458	 792915	
       1619 : 1653293	8168354	5355304	4993615	
       1620 : 6935102	 563177	2576872	4855118	
       1621 : 3494233	2454148	2798607	7246942	
       1622 : 4993489	1449515	5014192	6498731	
       1623 : 1869542	7289271	6778721	7341934	
       1624 : 6353364	 727353	3293166	3682714	
       1625 : 7375025	7617932	2248048	4358247	
       1626 :  952620	3130853	2417523	1833145	
       1627 : 6445962	6678090	3267525	8025495	
       1628 : 8370124	3537653	5671030	6901888	
       1629 : 2644384	1612986	3780175	4704350	
       1630 : 4138501	5115681	3725676	4585487	
       1631 : 1222995	4717041	7188700	1738137	
       1632 : 7845586	1361953	5317206	6975165	
       1633 : 7911046	4850377	3593942	3274530	
       1634 : 7280508	2887171	3426517	8271706	
       1635 : 3775427	5372208	 405805	6369617	
       1636 : 8151948	7905386	 970249	3154993	
       1637 : 4679255	3493884	3156930	6437353	
       1638 :  745260	2140433	7609046	1434645	
       1639 : 4768750	4353558	1104514	8133906	
       1640 : 2467467	7536063	 614991	7165788	
       1641 : 5646117	7315788	8149271	1597743	
       1642 : 6341590	3716580	 205933	2598357	
       1643 : 5847922	 422622	4834399	2278283	
       1644 : 7825795	4250671	 713071	3854099	
       1645 : 4218830	6740938	7084771	6610167	
       1646 : 3637981	2423007	7728328	 694356	
       1647 :  363263	6829562	 451751	7008673	
       1648 : 2332802	1482074	5648431	3546217	
       1649 : 7991913	1279524	2984957	4686050	
       1650 : 3218255	3645414	2338279	1074573	
       1651 : 1418346	6054251	4013559	1093270	
       1652 : 2997220	8218977	3808673	4475809	
       1653 : 6846846	4364561	3516342	4414466	
       1654 : 4586472	3025502	1185900	3027291	
       1655 : 1572696	6669629	4545934	2202759	
       1656 : 3176573	6999536	6035047	6480246	
       1657 : 1485915	6978598	5738796	 314727	
       1658 : 6375760	6645534	2025680	5002573	
       1659 : 6498295	5798764	6014056	2357802	
       1660 : 5205584	7016941	7727149	5729353	
       1661 : 6611330	4839141	1018308	1808154	
       1662 : 2683478	7062089	4877195	2511774	
       1663 : 7802969	2314435	7323494	7614097	
       1664 : 6706219	 117956	4508115	2615990	
       1665 : 1687825	7667492	5682639	7522999	
       1666 : 8242441	6145309	6663304	6964978	
       1667 : 6208188	4522993	5729815	8115780	
       1668 : 6991711	1090961	1835159	8145655	
       1669 : 2750338	 526335	2627320	2464462	
       1670 : 7546539	6461533	8138225	8155822	
       1671 : 1493738	4005691	2504151	5309728	
       1672 : 7572471	5011727	1003829	3535914	
       1673 :  119496	1881263	3295819	1980626	
       1674 : 3128897	3758977	 605172	6350444	
       1675 :  718654	5349685	8284872	 782681	
       1676 :  250573	7029541	4087646	4245730	
       1677 : 3622023	 314495	3014304	 891909	
       1678 : 3359244	8114863	4871506	5242519	
       1679 : 6097213	 197989	2190561	1868162	
       1680 : 7515448	1662677	4364923	5263807	
       1681 : 5201686	1161274	   4498	6451382	
       1682 : 7921002	5247628	 659218	3619947	
       1683 :  891226	2871520	 800432	4756780	
       1684 : 2975285	7169719	 301290	1263744	
       1685 :  107872	3487253	8338133	5210241	
       1686 : 7241737	 863890	7086415	1966495	
       1687 : 1103917	2290228	7457998	6607236	
       1688 : 5648786	1434649	5391025	7127222	
       1689 : 3156330	4684184	4765510	5394419	
       1690 : 4501373	6732404	7385262	 177834	
       1691 : 5005269	4079025	5619429	6010767	
       1692 :   73461	6742999	2286148	 801287	
       1693 : 3612593	5154376	2820299	7993349	
       1694 : 2739319	8255119	8027954	4292597	
       1695 : 3518052	2816922	6541185	2458541	
       1696 : 4981352	4076803	1446449	 583032	
       1697 : 4400480	1751372	2117869	7900231	
       1698 : 3303975	2551399	6658583	1766220	
       1699 : 4886842	1071637	5785313	3807952	
       1700 : 4603807	2275436	7224737	6688368	
       1701 : 8273122	6479682	1287042	 736815	
       1702 : 6202447	5258254	7245684	1917928	
       1703 :  639164	1468740	 373831	4174227	
       1704 : 1510897	1460422	4790653	2035847	
       1705 : 5740423	 405501	5066441	1996577	
       1706 : 4490544	 682377	3330534	3348482	
       1707 : 1930071	4664182	1263004	4461036	
       1708 : 4787979	6353018	1101594	4870601	
       1709 : 7867277	4887333	  12938	2522399	
       1710 : 4447595	5143797	1065668	6994158	
       1711 :  207806	1690307	2272394	3672403	
       1712 : 6213320	8010801	2587764	6720202	
       1713 : 2008868	2694518	1841356	7458292	
       1714 : 1674649	 136975	1965665	2554419	
       1715 :  847505	5889624	7404310	2594516	
       1716 : 4683765	7175737	8104991	8237242	
       1717 : 7835742	7337522	8069554	5305124	
       1718 :  116650	4565353	5781839	 687301	
       1719 : 1695996	1562268	1826170	7616399	
       1720 : 4770201	4258983	3638701	7668583	
       1721 : 6889129	3226049	7223272	4532862	
       1722 : 6808477	4857949	  61036	 173150	
       1723 : 5406287	1340048	6325471	2243728	
       1724 : 8093456	 784291	7513927	6199025	
       1725 : 1397091	1801092	 671555	7588302	
       1726 : 1886080	4290266	1934602	1706525	
       1727 : 7559611	7055250	4323764	4966024	
       1728 : 5127724	4349113	7080124	4671762	
       1729 : 6141186	3123623	1436347	6299009	
       1730 : 6119428	7649200	1049552	5305309	
       1731 : 6156643	1714774	8279006	5919916	
       1732 : 4954815	2859820	5127117	8202651	
       1733 : 3225660	 238663	3344035	  91709	
       1734 : 5740048	4382613	2167125	5341676	
       1735 : 2734938	5898623	2613461	1086175	
       1736 : 7805353	  80330	1890121	5881088	
       1737 : 1465220	 809135	4320303	5754838	
       1738 : 4999525	1106169	 557930	5391213	
       1739 : 6933122	4997565	1770557	1388987	
       1740 : 5613358	5499376	8277394	 495973	
       1741 : 6381436	3008605	6505517	7872923	
       1742 : 2872830	3868410	6377497	8235089	
       1743 : 6816863	2701841	4292411	 857480	
       1744 : 3128451	2404035	5948658	7353466	
       1745 : 5674458	5163431	5964444	3391515	
       1746 : 7597914	5065797	 724309	6121821	
       1747 : 4420318	4437370	4674168	3738409	
       1748 : 5900325	6568378	   7416	7477317	
       1749 : 3130225	1695017	6682672	8211240	
       1750 : 1845045	4430526	4036164	3293164	
       1751 : 7300531	1772159	4515569	6387179	
       1752 : 7330682	6632255	5716776	6890993	
       1753 : 6142696	4666434	4530042	 626595	
       1754 : 3132800	2912803	2480341	1451070	
       1755 : 2197794	7956278	2115966	5057011	
       1756 : 5398281	1099730	5479306	5148416	
       1757 : 3448532	6577173	 502891	8027732	
       1758 : 7173281	2257381	5750907	 266445	
       1759 : 3747618	4011142	2291065	5171867	
       1760 : 1412836	3091054	1808034	4396790	
       1761 : 2111298	6288047	6031440	7593326	
       1762 : 7090834	5340218	4992368	5942064	
       1763 : 2072225	3868961	2293976	6605030	
       1764 :  799230	4984609	6468182	4742091	
       1765 : 4127784	7710225	6370442	5391536	
       1766 : 2773506	2212237	6681446	5223688	
       1767 : 6238949	6866812	6288898	2055544	
       1768 : 1340449	1923190	5882316	3446631	
       1769 :  590928	2847288	3528626	 832670	
       1770 : 6958480	 675070	 289192	7844576	
       1771 :  910633	4922522	4593631	3622955	
       1772 : 3157305	2347937	2457281	6284366	
       1773 :  574690	6851180	8307093	4285011	
       1774 : 6795437	2681095	7452007	 540738	
       1775 :  974841	 517942	5628536	8077665	
       1776 : 3069832	6059346	5615860	3753029	
       1777 : 7053757	5091515	5212404	1077447	
       1778 : 2159976	1400030	5507758	5207862	
       1779 : 3817123	6899820	4837972	2471031	
       1780 : 2664681	7391669	7191707	7909382	
       1781 :  176312	4085935	4010360	2138703	
       1782 : 7671564	7314841	5541991	2378936	
       1783 : 1558239	2636922	1396755	3313392	
       1784 : 1280291	1973580	6684175	2155129	
       1785 : 7749542	7936349	7839594	6905415	
       1786 :  550089	2715378	3999903	3441077	
       1787 : 1660407	8240841	5515213	    204	
       1788 :  204424	4682244	3974319	3349834	
       1789 : 7876490	1061020	 795764	1555149	
       1790 : 5028559	5169583	6564905	4740262	
       1791 : 4651459	3311701	1826146	2292424	
       1792 : 6382187	3184218	7050519	6458798	
       1793 : 8323675	1101360	7768841	6486204	
       1794 : 2984911	7906025	6548981	6650858	
       1795 : 5319461	6918358	7947127	 413734	
       1796 : 5407003	7120020	7385291	1607694	
       1797 : 4528060	 918608	5803904	 276100	
       1798 : 6188575	5055635	6997048	2133778	
       1799 : 7163126	6666190	4447489	5769172	
       1800 : 4366769	6891704	2846727	7755329	
       1801 : 5444297	3739425	6145111	3039436	
       1802 : 6662743	4946499	4991953	3864168	
       1803 : 2898146	4265118	4828129	3348494	
       1804 : 1336224	7417145	1570279	8028733	
       1805 : 1005017	1056345	 790422	1714329	
       1806 : 8249163	5193441	6152442	4158347	
       1807 :   68537	7161134	7628093	2088272	
       1808 :  676401	 390464	7138918	6619013	
       1809 : 4187689	2209720	  29939	1838891	
       1810 : 5750938	4837486	6758917	6553914	
       1811 : 4515004	3856703	7846698	2303576	
       1812 :  732824	3126562	8330462	7428504	
       1813 : 7883412	3293871	8260525	7684392	
       1814 : 1066167	7722127	3900789	2863430	
       1815 :  505795	5904045	5644515	 841124	
       1816 : 6263338	7863712	4958091	4946302	
       1817 : 8082490	3116151	6374013	3290225	
       1818 : 6903760	7158699	3706602	1085529	
       1819 : 4635447	6108963	3180488	  93238	
       1820 : 7325282	4424182	8359845	1218618	
       1821 : 4463349	2249390	1376379	6764786	
       1822 : 5989114	1786840	2586051	3929044	
       1823 : 8221635	4932651	1195386	 912887	
       1824 : 2661683	2305808	5050444	8320288	
       1825 : 1321960	1130505	3321905	2055934	
       1826 : 5564022	3785033	1622771	 667774	
       1827 : 6685679	8330476	7999431	5356577	
       1828 :  819535	7990935	6953491	2105537	
       1829 : 5337382	2825762	4131223	1505100	
       1830 :  726354	5207539	8275363	6212789	
       1831 :  367119	7353725	7503416	7712627	
       1832 : 4780501	5733873	5890930	8319970	
       1833 : 2350037	7590952	1494336	1602715	
       1834 : 1846014	 692911	5639029	1649480	
       1835 : 3879881	6631360	1153942	8236868	
       1836 : 3910953	4178134	1553060	3365204	
       1837 : 3327385	7823552	3500133	6464766	
       1838 :  461460	2932574	 918601	1442640	
       1839 : 6149101	3011167	3480232	 769414	
       1840 : 2911778	5978076	7367459	1845662	
       1841 : 2128588	7857308	 869804	3245767	
       1842 : 7005714	4259669	2254684	1053750	
       1843 : 2512358	5623953	7086174	 523274	
       1844 : 8026602	7886256	2281290	 366014	
       1845 : 2211018	4791606	1374770	7982593	
       1846 : 7378467	3612790	6796971	1338243	
       1847 : 7480972	3969402	2529422	8068642	
       1848 : 7101814	 387266	3972479	7206686	
       1849 : 5069700	3123472	2878325	4914381	
       1850 : 8177660	3319006	5582676	7454235	
       1851 :  313886	4079885	1681964	7846025	
       1852 : 7124146	1611682	4839633	6590516	
       1853 : 4716625	7623860	2444018	2880462	
       1854 : 6754043	6374842	 264368	4739356	
       1855 : 4953086	4198686	1285260	4444630	
       1856 : 3466809	5634669	1776430	4983876	
       1857 : 6770262	 531653	3494083	1894202	
       1858 : 5659593	6424422	 848030	  57479	
       1859 : 8136194	6546325	 301666	6022645	
       1860 : 8199483	6991771	1073832	7195974	
       1861 : 2384936	 169010	2492667	2612752	
       1862 : 1866981	1908180	6413288	4367415	
       1863 : 5766690	7816450	 882400	4138309	
       1864 : 2994604	5276413	7463118	1476950	
       1865 : 6149146	4688103	7900348	7440296	
       1866 : 7995799	 561308	 621868	7031090	
       1867 : 6353675	  31120	7811599	5768512	
       1868 : 6094651	3699310	2219352	8059796	
       1869 :  700032	4922740	4310945	 923997	
       1870 : 5560458	3692392	7145727	4263888	
       1871 : 3215167	5131159	 523770	7364045	
       1872 : 7912249	1416528	3403482	2262585	
       1873 :  756184	1842468	4540785	5277637	
       1874 : 5568144	5558962	 392773	  77334	
       1875 : 3162089	4571626	2936436	4853782	
       1876 :  658350	3276095	5628935	3075810	
       1877 : 4923470	7699328	 933708	7002182	
       1878 : 6051676	1275067	6664636	7245871	
       1879 : 3872691	5338219	2068102	4373709	
       1880 : 3969149	6901747	1122585	4223142	
       1881 :  576955	1125935	7620415	7772402	
       1882 : 3291666	5091633	 210864	4623160	
       1883 : 2041183	6117300	5260946	2744050	
       1884 : 5011595	2776435	5281168	5300050	
       1885 : 2137484	2169378	3490282	6445109	
       1886 : 7618391	3972679	5407895	4420852	
       1887 : 8079026	2401755	8032385	8211881	
       1888 : 1556265	4382291	3012424	7064346	
       1889 : 3163727	5584701	 535837	1834721	
       1890 : 1777438	2371050	4935989	 532473	
       1891 : 4046100	5134262	 787812	7975891	
       1892 : 6666748	1683047	1233513	2304314	
       1893 : 2214702	6101476	8233659	8096716	
       1894 : 2576277	6153396	1973732	  69076	
       1895 : 4557484	3544501	3716219	1114560	
       1896 :  130174	6593250	1014446	7368978	
       1897 : 4340487	 989565	4739907	6420626	
       1898 : 6397700	 397914	1962183	6681671	
       1899 : 7519786	7093622	1018469	6686463	
       1900 : 6359555	7483696	7757501	5021644	
       1901 : 5093388	7305874	 224738	8214124	
       1902 : 7651117	8277578	7012676	5997699	
       1903 : 6674341	7090197	6928725	6472251	
       1904 :  759731	2192760	1415992	 666099	
       1905 : 3633357	8018323	3851496	 407021	
       1906 : 2810544	7431967	6389535	3706336	
       1907 : 3165133	3356994	2463820	7280539	
       1908 : 6189785	2337736	8096542	7889487	
       1909 : 3936005	3448169	3758007	 381082	
       1910 : 4895892	4619717	 471392	5926786	
       1911 : 3672540	1803246	2116397	5427523	
       1912 : 3598506	1713949	5847518	4585141	
       1913 : 1494661	 857197	7812784	 735602	
       1914 : 4714740	4164127	3684491	5837707	
       1915 : 4460495	5335409	4501111	8344092	
       1916 : 6655536	5118126	3237101	1828802	
       1917 : 3459995	1773406	 661936	7166705	
       1918 : 6552905	 147356	2117495	 356461	
       1919 : 5376883	7985457	3566651	  67024	
       1920 : 4855828	3951007	6619247	2323456	
       1921 : 1815525	3935767	5217297	8211629	
       1922 : 4173860	4928835	2464505	1582226	
       1923 :  992379	3203537	3164513	 130312	
       1924 : 1049703	6790459	5016618	4673973	
       1925 : 4427285	 186356	6786185	 963597	
       1926 : 1702194	3626123	  11354	5450804	
       1927 : 6210830	8160276	6674450	4845302	
       1928 : 5963439	8273224	4662160	7987509	
       1929 : 2817644	7523864	1415323	1870865	
       1930 : 8356622	5878081	5103686	1870110	
       1931 : 5314658	1286765	4409660	3522696	
       1932 : 2088856	 466399	1705334	4230714	
       1933 : 7010665	5030075	5713324	6565488	
       1934 :  661072	2967570	1768446	7126623	
       1935 : 1237038	4230253	1942300	1370960	
       1936 : 6380812	2992692	5839465	7506576	
       1937 : 7730940	1851512	 829981	1829166	
       1938 : 7534219	3843758	4965719	7315846	
       1939 : 5530225	2839819	1636542	3692144	
       1940 : 4848376	2744267	8318431	6291697	
       1941 :  967053	3900154	2076782	7448042	
       1942 : 6618531	1217375	2619422	6860267	
       1943 : 5150185	6700703	6451080	6205932	
       1944 : 2887076	7566417	6125608	8221315	
       1945 :  502694	3842668	7366401	3229834	
       1946 : 1759655	7144573	  74536	6618532	
       1947 : 8242881	2792661	5137718	1394751	
       1948 : 6383242	 136961	2818822	5696414	
       1949 : 1627484	6788796	4127623	1413245	
       1950 :  675040	 602351	2310182	5028483	
       1951 : 2392204	3015909	 486999	1179680	
       1952 : 6567772	4887776	8168527	5571222	
       1953 : 6455449	3112328	1418517	8284806	
       1954 : 2377924	6217765	4426659	4320547	
       1955 : 5775148	3788095	7979433	1245768	
       1956 :  140563	1120088	7708824	5166559	
       1957 : 1729833	1500334	6293456	5949177	
       1958 : 2525012	6710316	  75289	1302740	
       1959 : 4579660	7369608	2517859	6853810	
       1960 : 2113892	8064669	7178060	4768579	
       1961 : 1278878	6705686	1780344	7568015	
       1962 : 6926593	5151902	4013228	 611876	
       1963 : 3781199	2887739	3790664	5912902	
       1964 : 3009418	6952422	4319044	3193505	
       1965 : 3222702	2515151	4631139	   7265	
       1966 : 6709319	4122913	  20534	1584567	
       1967 : 2180309	4690031	4750676	4579950	
       1968 : 6440126	2416015	3470594	2442779	
       1969 : 2626743	5769869	2625983	5552358	
       1970 : 8108572	7322061	6188753	2104162	
       1971 : 7696473	5960407	3521036	1740658	
       1972 : 3103899	 267920	3342161	5200784	
       1973 : 1362146	8277483	1548732	5737614	
       1974 : 7567580	3174424	4920188	4959476	
       1975 :    2743	4380276	8344369	7970850	
       1976 : 6200459	3375656	1957401	2112515	
       1977 : 1409021	3891418	3900510	4406440	
       1978 : 5978314	2169007	4784001	1504491	
       1979 : 3517327	2935818	6338125	7814523	
       1980 : 7546656	7237671	4705891	8115288	
       1981 :  342804	5756966	4255622	  64712	
       1982 : 2236248	3582406	3324831	 456881	
       1983 : 2481379	4442401	3666537	1988483	
       1984 : 6176131	6392396	2280925	8131832	
       1985 :  866161	5487067	1046713	8048765	
       1986 : 7404163	5271470	4223373	2000566	
       1987 : 5541641	5102180	4563888	2855704	
       1988 : 6424247	6304495	6487069	5557370	
       1989 : 2256647	6221481	6820593	2573535	
       1990 : 1240810	1635363	6616651	7790446	
       1991 : 7174044	3588369	7780177	6995732	
       1992 : 4509650	8333914	6140687	2396192	
       1993 :  168787	 604332	3612706	6159975	
       1994 : 4782007	 714404	2674017	6434138	
       1995 : 5614492	6872086	6487334	7418803	
       1996 : 5036065	2423991	5537181	4737714	
       1997 : 5954286	 215952	1883381	5858132	
       1998 :  533355	 307390	6106192	 265931	
       1999 : 4774045	4316397	1622377	2697849	
       2000 :  215318	4076125	 958327	 428498	
       2001 : 2490265	 498412	1115504	4173294	
       2002 : 5713074	 441054	7478879	3779316	
       2003 : 6625018	4369975	5273581	5747163	
       2004 :  209864	4976379	6248198	2591222	
       2005 : 7916840	 728139	7224006	2708668	
       2006 : 5259058	 575247	8361675	3657537	
       2007 :  527007	6041352	7805405	6893413	
       2008 : 5972491	4480568	5177314	4785822	
       2009 : 5411992	7400363	4075975	2709342	
       2010 : 8183300	3902524	 586037	5475024	
       2011 : 3990931	2107898	6634109	1072002	
       2012 : 6743887	7438202	2681780	3831848	
       2013 : 3067231	4419037	6389570	7504168	
       2014 : 4372458	8137114	3641375	8127633	
       2015 : 6151541	7959975	3486218	2226326	
       2016 : 5913352	 602953	2630711	6616133	
       2017 : 5841189	 546021	5814937	3104007	
       2018 : 2027959	7730901	1845763	8171809	
       2019 : 2570523	7730905	5621756	6145212	
       2020 : 5380876	7188339	3954669	7609937	
       2021 : 4183637	4248955	6782436	8353534	
       2022 : 6993095	2916879	8021852	6109968	
       2023 : 3448920	6867468	5777401	7076608	
       2024 : 1268678	2227634	1358095	 465532	
       2025 : 4029875	4427781	1020610	1949942	
       2026 : 1897004	2223541	5096734	 188880	
       2027 : 1901676	5070508	3230734	3628973	
       2028 : 6842600	 633086	 107873	8284313	
       2029 : 5638266	2262418	3399576	 852764	
       2030 : 3952701	3129915	6921756	 947070	
       2031 : 4258731	4799985	1547994	1015609	
       2032 : 5860611	4064544	7577119	 537332	
       2033 :   56484	3541571	7257456	8041513	
       2034 : 6799860	2412043	2797055	3215110	
       2035 : 7845848	2571804	4186831	4508477	
       2036 : 4548589	5013229	6574809	1816471	
       2037 : 6352773	 125867	6250524	8103971	
       2038 : 5346208	4141844	5490963	1846273	
       2039 : 2146374	3141038	 136192	7331569	
       2040 : 7095014	2804163	 213460	3360367	
       2041 :  274555	3630440	7870023	2034125	
       2042 : 4310967	3727758	 386132	7731954	
       2043 : 2781853	  17103	8247172	2562329	
       2044 : 3350684	5410453	3676043	  55156	
       2045 : 5062416	 239118	6317461	4015903	
       2046 : 3987595	7178370	1236862	5697851	
       2047 : 2846123	7881157	4337130	 708077	
