8380417
8380413
8380409
     12
8380401
     20
     24
8380389
8380385
     36
     40
8380373
     48
8380365
8380361
     60
8380353
     68
     72
8380341
     80
8380333
8380329
     92
     96
8380317
8380313
    108
8380305
    116
    120
8380293
8380289
    132
    136
8380277
    144
8380269
8380265
    156
    160
8380253
8380249
    172
8380241
    180
    184
8380229
    192
8380221
8380217
    204
8380209
    212
    216
8380197
8380193
    228
    232
8380181
    240
8380173
8380169
    252
8380416
      5
      9
8380404
     17
8380396
8380392
     29
     33
8380380
8380376
     45
8380368
     53
     57
8380356
     65
8380348
8380344
     77
8380336
     85
     89
8380324
8380320
    101
    105
8380308
    113
8380300
8380296
    125
    129
8380284
8380280
    141
8380272
    149
    153
8380260
8380256
    165
    169
8380244
    177
8380236
8380232
    189
8380224
    197
    201
8380212
    209
8380204
8380200
    221
    225
8380188
8380184
    237
8380176
    245
    249
8380164
8380415
      6
     10
8380403
     18
8380395
8380391
     30
     34
8380379
8380375
     46
8380367
     54
     58
8380355
     66
8380347
8380343
     78
8380335
     86
     90
8380323
8380319
    102
    106
8380307
    114
8380299
8380295
    126
    130
8380283
8380279
    142
8380271
    150
    154
8380259
8380255
    166
    170
8380243
    178
8380235
8380231
    190
8380223
    198
    202
8380211
    210
8380203
8380199
    222
    226
8380187
8380183
    238
8380175
    246
    250
8380163
      3
8380410
8380406
     15
8380398
     23
     27
8380386
8380382
     39
     43
8380370
     51
8380362
8380358
     63
8380350
     71
     75
8380338
     83
8380330
8380326
     95
     99
8380314
8380310
    111
8380302
    119
    123
8380290
8380286
    135
    139
8380274
    147
8380266
8380262
    159
    163
8380250
8380246
    175
8380238
    183
    187
8380226
    195
8380218
8380214
    207
8380206
    215
    219
8380194
8380190
    231
    235
8380178
    243
8380170
8380166
    255
