15105088
-4177433
3065693
939880
6872766
15489551
7232537
5538469
5959977
6008007
11909588
12529413
14137651
6997359
2674942
-8306680
-3688160
14431981
4151713
874823
-2589996
-1962650
856208
12273843
2308945
6139995
6301479
5658593
-3177849
-7172280
-6639454
-7065121
-5193519
12807545
-4936686
39778
6461860
-4544125
10233470
11205470
2747725
-3480311
13150568
5195821
3612180
6889912
-140622
7146072
-6719916
14116981
-2238539
6349007
13944
16422431
1698646
4365391
12205568
16726887
10728578
11148193
-1187710
12216888
1098801
6611636
-1129286
12882857
9320549
14458985
11401751
9283024
2245857
-6549390
8227809
-8053168
-6975703
7583499
10735266
5307466
-1188664
5839881
3777085
7670372
-2480224
213008
8399244
-4916392
-6779756
8188059
13490490
-2597780
15492737
12611109
2604418
-3964012
-2247041
-5616960
4501453
5461639
11869321
800266
15006175
-5202368
-1434796
14121858
8412447
-1310265
455542
2552003
-2213124
5519898
-4276937
-582709
10462112
14858472
4448752
9591455
-387350
10462705
-1528229
-1947325
13246797
1049500
8696348
-2579927
-1837512
11773898
16357978
12652545
5688195
10085473
-7173069
8896246
4714557
9725182
-7252783
-6596625
-4923986
-3708328
-5728642
-8236491
3608597
9297213
11761254
-4875467
4660411
-5489846
6767527
12376887
13906193
13368167
-1781357
1500041
9749973
-6877792
2718432
14263398
16082640
-203103
15287447
2064270
832919
8449722
-5634257
-100707
7584196
11218800
-4252162
-2891052
7188146
6946598
14442807
14302294
11856245
29035
-1740131
13960027
11877352
15713863
11757486
5817459
-6240332
9138372
-1821227
2769464
708014
-2067130
325550
5848859
6653463
-2413788
1810399
8785802
4420342
1523699
-2071771
1909721
10245945
-7751974
16490658
11659076
1108528
8291151
11280645
15941761
11576896
2563587
11310352
13040689
7662488
3817418
465115
10043303
1289567
-6094887
765758
13128567
933908
-7330703
8236053
15375553
-4886520
12917212
-6480998
13970728
-2169246
-5325633
-5540135
8211041
4543702
-4447850
2832279
10275523
8232490
-1713688
3558581
15137286
-3948054
15799898
-1335601
-1437835
2648152
5515336
-8208874
7978567
-6532196
-1379924
6894652
-2891083
2833382
2189266
-2854749
234046
-5089540
15220781
-788982
-7921660
-763630
8768725
1295724
-4261379
8833556
6721212
-4747966
12413079
3709242
10057284
4990252
-7033697
13978297
-5076172
7807542
5396653
7307124
-3542551
-4132790
4551259
-5591479
11488510
13348100
-5975639
11722886
3111420
-1015831
11141065
9154682
-2170323
5614611
1704486
5532477
-6135839
13423141
10667941
1103362
6474758
8137348
4407996
-4438936
16081094
9590438
-4869758
9622407
7035582
12309802
6971696
1259238
10212601
-1610702
11066978
2752857
12499844
7667457
13647353
5356400
-6053445
-1982669
4974906
5943669
15186032
-6307523
15449142
52708
-7192366
7310580
-1549103
6821354
-6534497
9635874
14670058
11405629
13912536
3991716
6787685
2970945
-4986480
7169750
-115600
7778345
-1906681
11872662
12394234
-3452519
16287601
15228596
-1100381
-4402325
5768454
13102651
14306086
9031453
12587670
6630752
6488464
-94734
-2311128
9935629
1870430
-6198385
15265034
7475028
-3586562
-2569648
-4968282
9664244
10628901
100270
949780
-1431063
-4295682
9264896
-390221
-3834925
-3104872
1244932
-6157823
-966622
10049084
-8040899
3279534
-2544988
-2969900
-4160055
5971130
-1023700
5950477
1873027
-7332534
16374390
11248665
-3039969
1088741
9339264
6260198
16472178
16006769
14582669
11464325
5837996
16009311
1619270
12107678
