5720366
4916492
424069
6085474
3282285
7009090
6972421
2548709
6053927
3118908
6981812
2503725
4244756
5864643
7371938
2587818
7647169
2020303
6040295
6607101
278754
2302401
3324702
421344
7494640
8048824
2930121
4228371
5665920
7509474
6951363
5733695
5243988
7621900
6222783
3436666
263687
5411751
7979814
5967879
4044860
2807910
2072125
6320848
1072294
868283
1540589
5482105
3052946
8187090
7757568
5817594
429886
3831800
6319083
1197902
3329654
6873638
1088874
6152729
3668241
2344655
322780
6000821
3492584
1923186
5630681
5518179
4972544
3888885
4069262
4503511
3165302
3882048
1491700
6420618
6627345
6301838
6419142
4733108
3053868
6040050
4328071
4799243
6181677
7927440
5697448
4910549
6595757
3090755
5830637
2305910
1214497
3645936
1680681
8074502
4347775
3846341
4858851
5127692
7051629
5453192
7613642
1551343
7668287
1511497
6694586
3791040
1591854
6205797
1199515
3473940
1394713
1011750
6201471
8006091
1638220
1298795
6727358
3192354
8045751
1008525
6434602
4314765
5723454
889704
8083733
672071
8030116
4649645
6061094
6499158
5131273
1169760
3052013
6435072
6962946
3512852
1160442
840443
1600679
6834950
7003375
6120878
217177
7397870
685860
1607306
4521147
5092497
1701036
1257084
871638
7479360
390496
4389308
6675451
4157417
4432048
1379638
1597918
8139649
1244015
3140579
3467021
668244
4650095
4476570
7569770
3996780
4726196
1331881
2784117
1635438
3576431
69998
1098536
1028281
293813
7452940
7820746
1804310
8249719
7580747
1141270
5945534
5484001
3023403
4399342
4435049
1152045
151905
1256965
6871495
4458557
1355623
5089389
7544733
6328813
7844538
2185259
1925653
8033937
43587
6380008
2357208
626967
7609098
8124365
718847
1517689
3280694
5028871
5866323
2333892
2618546
165237
2863328
161577
2195434
6749736
1739732
7861209
210041
4424299
977526
7960814
7822500
4982685
4615614
7888833
2844432
2405387
5905290
2033780
1286973
5123702
5232875
3746243
6588824
805456
303506
4409275
1106980
6234033
3009412
5424338
3915337
5394264
1852054
5725771
1088842
540176
1374598
6310996
6511674
1939135
130466
5775074
383516
7846518
700699
7313411
1995204
1041654
3861041
7470653
816561
4742847
110264
3414041
652613
5613314
6285492
7570361
3258822
7726849
6089623
5259670
1848660
6332050
4352889
5319670
6009618
7339248
5889374
1404075
82318
1714466
1935312
1641828
7759091
761833
1361555
1497315
4500815
8352952
2124198
7550365
4662434
2356787
8271701
1827679
5410707
6744979
7507823
4620626
1469873
426020
3899132
500655
814274
6842864
2831405
3114238
7923582
4064729
2043314
1054040
1490618
5859819
6132285
5421597
172549
5392949
6712450
3694991
7175038
3480028
500286
7516125
203717
7689431
5816806
7804262
589257
59981
4743028
7193391
1721107
6100534
957072
8333153
1691831
6227696
412138
7091636
3751729
2228174
6935408
6281284
3011553
8022891
8011517
3488364
583423
6204806
7672456
6737870
2191278
2987897
7727858
4874866
4295636
2008590
6741121
944857
7728312
236201
6266828
2303839
2192630
3456415
7583936
2681400
2512528
47761
6612032
3664281
314419
6005887
7026923
3199707
3434701
5140253
3393873
3788358
2986594
8346285
3934497
5749274
5755424
3615155
4926070
8336308
1351055
6243609
8320050
5407275
6897140
2248783
4335688
20943
5185791
341798
2927972
2022813
5016300
7494054
2964802
4902189
8176017
6837488
4998886
2662574
8213805
2651746
1513986
6756362
1195431
4273705
396815
7250126
5774847
1164613
8136768
8307865
6524401
2960544
2602160
60655
1552388
2132399
2390545
2041421
32816
1671993
8047699
1870633
1369025
8191170
5233091
5334595
6819014
2577189
2557021
6130596
6941791
2565479
2223052
5418869
308248
1331843
3330490
8093497
954392
7142101
5103029
4501208
3683381
1778489
4918945
410208
6977664
7837420
4729718
476981
4012336
3973062
8376441
5981844
6480617
2062811
3649542
8346904
894346
5197551
6089117
599010
3656361
2883019
4061290
4317726
6434656
4957216
4344794
6977206
1638486
7785389
1359
4928203
5530434
719538
5766066
7688661
5970537
3057279
2484330
2580093
1495789
