3021985
3402388
2563647
5947690
720524
3894407
6762188
6211720
4916323
1633457
2877631
4422745
1697148
3108809
6160212
5347899
380632
4296776
6976204
1612710
6243779
5360930
8159212
7624528
1391162
2401822
6368377
6180313
6201193
1005818
4439873
5928209
272196
2570273
5800896
4982492
5291064
2347287
1149182
1049127
5125550
5977924
6457418
1020363
7962044
1330798
6459785
898063
5752147
1060135
2375102
5992696
2058343
8212456
252350
508506
375900
272384
4906445
6426399
2397800
966895
7245584
1519945
1898871
2379509
2919617
4643759
431599
6609925
6267377
2632853
5486912
8099512
5698205
7165769
4198390
7614070
1098987
5751449
4165803
1722927
2833918
1406221
2265214
6554684
5313349
1161562
1706810
3004405
1702691
6056219
7054221
7985528
2787332
2392120
6534415
885514
5129409
3898689
6426075
3872262
672853
7785964
2488574
713698
654247
7368379
4934390
157909
383700
6176443
218707
4615335
1823768
7436189
4952970
6833846
6432625
4245280
2119889
8051153
8314322
6994719
6840352
6367585
3724635
7018198
4254983
4557657
4518706
3119604
7302375
2900006
867316
7648800
3348086
1949170
3717357
3069542
6785536
1032989
4451372
3497836
250722
3333565
4061560
7369988
4426683
4957965
1742673
5026306
3133886
83696
8031671
7060615
5894094
3764311
3073535
6106517
8155203
1769531
1333864
7420284
4174059
336359
5813635
2196234
5772289
4482911
1825825
7794222
4285051
3175956
4587823
1766939
3304542
4546010
3678347
642279
2223799
6374049
3015217
1906157
1059057
1426596
387512
7902210
6209184
2484289
6663820
2830845
3117073
767501
6471574
3662075
3526219
1994516
992826
300272
7894168
3127614
1424418
6623990
2040547
3468439
4145086
459109
3028996
4282190
7090158
4049124
6752574
138431
7138024
6911424
109248
7586054
906375
4461542
3979993
5358501
3803013
5115298
5395883
3575343
6043989
3326416
5361815
1231019
3825054
5833772
363005
1815375
5428380
4512881
2214819
7245430
701904
8360284
8121191
6403147
5197132
7567385
3126114
4495625
4480717
7790753
1241515
3133913
5867202
7242790
2124956
7141437
4965318
106584
66414
4657307
3048633
2966926
6468047
1967287
3896775
1527187
8361116
3797796
8009606
4366878
2233378
4618881
5416339
1228037
395544
6275725
273988
1023332
147811
8379937
5508403
4301697
5191027
7987460
2946670
5738387
8379279
8251370
2281721
2009622
235992
7585753
549745
6170925
4712123
1092693
6325302
2673358
7561578
5709853
1235872
6422582
4899631
82976
2308380
6463931
5199975
1006691
2665287
8338548
8222716
61390
478203
4812506
5731552
3377210
2940314
1737117
4413858
4264659
319256
382201
5146099
820861
4262585
5123971
5088776
1365262
7102139
7320395
2624239
1356464
4620814
6438116
1143471
6702280
1269271
6941629
2169690
5761889
8100365
1365191
5347896
721795
8023437
7834167
2788114
719094
5588527
3250920
1718459
5743187
7755591
6190596
798715
1906863
3178327
2691286
6185928
3980811
6618169
1941855
3956444
5554964
3016503
2819752
7620120
5713013
4075026
1321104
3483881
3034357
5131486
3093997
2397356
1397870
6621142
2033920
8165728
7546986
4225127
1485476
7612870
5192651
611328
3211216
6055470
5090411
109184
1557399
4946069
2771404
2074111
5069717
3440484
246555
1567284
4979954
3227277
3848601
1786758
1269985
2878033
7404715
7712578
3255163
1753216
3201892
3572794
6347267
8222211
7204498
3886118
5619157
510716
2929606
2472951
2187092
6666858
2528347
4895241
3736910
334978
7615045
6254885
7867034
5470387
4509704
5626433
1813076
399606
1153835
6411900
2710692
7977026
4267470
2292843
3081992
3820721
7162770
3860968
3992972
5830620
634369
1997093
3806999
1644560
655932
4721992
3303401
741653
7793251
3879963
5476205
5886337
3336354
2200967
7327168
2737021
565551
1418056
5027273
7577789
1703743
8226963
2233191
6322222
1983560
2369031
7669614
6825698
5156455
6425917
527582
4278973
4940356
3562936
3661085
2877522
3921971
86218
966203
4210060
3616181
7741080
37955
2590180
588160
8282952
7429999
4770155
4528151
2470740
6716152
1560668
2106093
7070849
5162217
901890
2391366
1645377
5506173
